Altura :  8e-06
----------------------------------------------------------------------------------------
# dato	X Evaluado	Y Obtenido	Y Real		Error Relativo	Error Absoulto
----------------------------------------------------------------------------------------
1 	 -0.476118 	 0.2614559 	 0.239284 	 9.265954 	 0.02217194 
2 	 -0.343818 	 0.389089 	 0.400492 	 2.84724 	 0.01140297 
3 	 -0.159896 	 0.5029201 	 0.4988 	 0.8260017 	 0.004120096 
4 	 0.15041 	 0.5029194 	 0.4988 	 0.8258707 	 0.004119443 
5 	 0.334331 	 0.3890895 	 0.400492 	 2.847135 	 0.01140255 
6 	 0.466632 	 0.2614528 	 0.239283 	 9.265077 	 0.02216975 
----------------------------------------------------------------------------------------
ERROR RELATIVO PROMEDIO :  4.31288 
ERROR ABSOLUTO PROMEDIO :  0.01256446 


Altura :  0.020937
----------------------------------------------------------------------------------------
# dato	X Evaluado	Y Obtenido	Y Real		Error Relativo	Error Absoulto
----------------------------------------------------------------------------------------
1 	 -0.808761 	 0.09530442 	 0.146785 	 35.0721 	 0.05148058 
2 	 -0.686369 	 0.4560933 	 0.441421 	 3.323875 	 0.01467228 
3 	 -0.584431 	 0.5406391 	 0.565279 	 4.358884 	 0.02463985 
4 	 -0.460219 	 0.6477506 	 0.666926 	 2.875192 	 0.0191754 
5 	 -0.318506 	 0.7412022 	 0.742457 	 0.1690097 	 0.001254824 
6 	 -0.004826 	 0.8039173 	 0.804673 	 0.09391458 	 0.0007557053 
7 	 0.308854 	 0.7412016 	 0.742456 	 0.168959 	 0.001254446 
8 	 0.450566 	 0.647751 	 0.666926 	 2.875129 	 0.01917498 
9 	 0.574778 	 0.5406401 	 0.565278 	 4.358549 	 0.02463792 
10 	 0.676717 	 0.4560929 	 0.441421 	 3.323784 	 0.01467188 
11 	 0.799108 	 0.09530892 	 0.146784 	 35.06859 	 0.05147508 
12 	 -0.782717 	 0.2222258 	 0.22262 	 0.1770666 	 0.0003941856 
13 	 -0.721734 	 0.4039099 	 0.369421 	 9.335928 	 0.03448888 
14 	 -0.52052 	 0.5960006 	 0.613895 	 2.914891 	 0.01789437 
15 	 -0.240797 	 0.7707373 	 0.76298 	 1.016707 	 0.007757269 
16 	 -0.084504 	 0.800206 	 0.793979 	 0.7842738 	 0.006226969 
17 	 0.074851 	 0.800206 	 0.793979 	 0.7842776 	 0.006227 
18 	 0.231144 	 0.7707372 	 0.76298 	 1.016693 	 0.007757163 
19 	 0.510868 	 0.5960005 	 0.613895 	 2.914907 	 0.01789447 
20 	 0.712082 	 0.4039092 	 0.36942 	 9.336027 	 0.03448915 
21 	 0.773064 	 0.222229 	 0.222619 	 0.1751865 	 0.0003899983 
----------------------------------------------------------------------------------------
ERROR RELATIVO PROMEDIO :  5.72114 
ERROR ABSOLUTO PROMEDIO :  0.0169863 


Altura :  0.167437
----------------------------------------------------------------------------------------
# dato	X Evaluado	Y Obtenido	Y Real		Error Relativo	Error Absoulto
----------------------------------------------------------------------------------------
1 	 -1.090477 	 0.1698447 	 0.19951 	 14.86907 	 0.02966528 
2 	 -0.925285 	 0.6073899 	 0.591571 	 2.674045 	 0.01581887 
3 	 -0.787699 	 0.7462099 	 0.756383 	 1.344964 	 0.01017308 
4 	 -0.62005 	 0.8855756 	 0.891642 	 0.680363 	 0.006066402 
5 	 -0.42878 	 0.9949257 	 0.992147 	 0.2800708 	 0.002778714 
6 	 -0.005407 	 1.07313 	 1.074936 	 0.167982 	 0.0018057 
7 	 0.417966 	 0.994926 	 0.992147 	 0.280096 	 0.002778964 
8 	 0.609235 	 0.8855755 	 0.891641 	 0.6802571 	 0.006065451 
9 	 0.776884 	 0.7462087 	 0.756383 	 1.345119 	 0.01017425 
10 	 0.91447 	 0.6073895 	 0.591571 	 2.673974 	 0.01581846 
11 	 1.079661 	 0.1698454 	 0.19951 	 14.86873 	 0.0296646 
12 	 -1.064092 	 0.280148 	 0.303043 	 7.555033 	 0.022895 
13 	 -0.981097 	 0.5172731 	 0.500021 	 3.45027 	 0.01725208 
14 	 -0.707251 	 0.8170692 	 0.828058 	 1.32706 	 0.01098883 
15 	 -0.326556 	 1.030241 	 1.0281 	 0.2082012 	 0.002140516 
16 	 -0.113846 	 1.068311 	 1.069695 	 0.1293819 	 0.001383992 
17 	 0.103031 	 1.068311 	 1.069695 	 0.1293908 	 0.001384087 
18 	 0.315741 	 1.030241 	 1.0281 	 0.2082359 	 0.002140874 
19 	 0.696436 	 0.8170684 	 0.828057 	 1.327035 	 0.0109886 
20 	 0.970282 	 0.5172728 	 0.500021 	 3.450212 	 0.01725178 
21 	 1.053277 	 0.2801456 	 0.303043 	 7.555811 	 0.02289736 
----------------------------------------------------------------------------------------
ERROR RELATIVO PROMEDIO :  3.105014 
ERROR ABSOLUTO PROMEDIO :  0.0114349 


Altura :  0.523222
----------------------------------------------------------------------------------------
# dato	X Evaluado	Y Obtenido	Y Real		Error Relativo	Error Absoulto
----------------------------------------------------------------------------------------
1 	 -0.849644 	 1.195184 	 1.203341 	 0.677849 	 0.008156835 
2 	 -0.587367 	 1.342226 	 1.338489 	 0.279218 	 0.003737302 
3 	 -0.006819 	 1.447386 	 1.449814 	 0.1674607 	 0.002427869 
4 	 0.573729 	 1.342225 	 1.338489 	 0.2791567 	 0.003736482 
5 	 0.836006 	 1.195183 	 1.203341 	 0.6779171 	 0.008157654 
6 	 1.065893 	 1.007781 	 1.021462 	 1.339397 	 0.01368143 
7 	 1.254557 	 0.8211139 	 0.799841 	 2.659636 	 0.02127286 
8 	 -1.494714 	 0.2327587 	 0.272646 	 14.62971 	 0.03988731 
9 	 1.481075 	 0.2327577 	 0.272644 	 14.62946 	 0.03988634 
10 	 -1.268196 	 0.8211144 	 0.799842 	 2.659575 	 0.0212724 
11 	 -1.079532 	 1.00778 	 1.021462 	 1.339427 	 0.01368174 
12 	 -0.969218 	 1.103064 	 1.117841 	 1.321949 	 0.01477729 
13 	 -0.447192 	 1.389714 	 1.386835 	 0.2075605 	 0.002878522 
14 	 -0.155515 	 1.440906 	 1.442766 	 0.1289479 	 0.001860417 
15 	 0.141877 	 1.440906 	 1.442766 	 0.1289411 	 0.001860318 
16 	 0.433554 	 1.389713 	 1.386835 	 0.2075324 	 0.002878131 
17 	 0.95558 	 1.103063 	 1.117841 	 1.322001 	 0.01477787 
18 	 1.331089 	 0.6999363 	 0.676736 	 3.428271 	 0.02320035 
19 	 1.444896 	 0.3810761 	 0.411863 	 7.475038 	 0.03078692 
20 	 -1.458535 	 0.3810771 	 0.411864 	 7.47501 	 0.03078687 
21 	 -1.344728 	 0.6999372 	 0.676737 	 3.428244 	 0.02320019 
----------------------------------------------------------------------------------------
ERROR RELATIVO PROMEDIO :  3.069633 
ERROR ABSOLUTO PROMEDIO :  0.01537643 


Altura :  1.004578
----------------------------------------------------------------------------------------
# dato	X Evaluado	Y Obtenido	Y Real		Error Relativo	Error Absoulto
----------------------------------------------------------------------------------------
1 	 -1.087295 	 1.523952 	 1.534329 	 0.6763027 	 0.01037671 
2 	 -0.751658 	 1.711018 	 1.706263 	 0.27866 	 0.004754673 
3 	 -0.008729 	 1.844801 	 1.84789 	 0.1671626 	 0.003088981 
4 	 0.7342 	 1.711017 	 1.706263 	 0.2786334 	 0.004754218 
5 	 1.069836 	 1.523953 	 1.534328 	 0.676222 	 0.01037546 
6 	 1.364025 	 1.285539 	 1.302943 	 1.335774 	 0.01740437 
7 	 1.605458 	 1.048062 	 1.021 	 2.65058 	 0.02706242 
8 	 -1.912793 	 0.2995602 	 0.350306 	 14.48615 	 0.05074584 
9 	 1.895334 	 0.2995591 	 0.350305 	 14.4862 	 0.05074587 
10 	 -1.622917 	 1.048063 	 1.021001 	 2.650535 	 0.02706198 
11 	 -1.381483 	 1.285539 	 1.302944 	 1.33581 	 0.01740485 
12 	 -1.240315 	 1.406757 	 1.425556 	 1.318711 	 0.01879896 
13 	 -0.572276 	 1.77143 	 1.767768 	 0.2071753 	 0.003662379 
14 	 -0.199015 	 1.836557 	 1.838924 	 0.1287361 	 0.002367359 
15 	 0.181557 	 1.836557 	 1.838924 	 0.1287331 	 0.002367305 
16 	 0.554818 	 1.77143 	 1.767768 	 0.2071632 	 0.003662164 
17 	 1.222856 	 1.406757 	 1.425556 	 1.31868 	 0.01879852 
18 	 1.703396 	 0.8939012 	 0.864387 	 3.414471 	 0.02951424 
19 	 1.849035 	 0.4882508 	 0.527418 	 7.426223 	 0.03916724 
20 	 -1.866494 	 0.4882518 	 0.527419 	 7.426201 	 0.0391672 
21 	 -1.720855 	 0.8939021 	 0.864388 	 3.414451 	 0.0295141 
----------------------------------------------------------------------------------------
ERROR RELATIVO PROMEDIO :  3.048217 
ERROR ABSOLUTO PROMEDIO :  0.01956166 


Altura :  1.506862
----------------------------------------------------------------------------------------
# dato	X Evaluado	Y Obtenido	Y Real		Error Relativo	Error Absoulto
----------------------------------------------------------------------------------------
1 	 -1.594488 	 1.5013 	 1.521598 	 1.333976 	 0.02029775 
2 	 -1.255079 	 1.779337 	 1.791438 	 0.6754947 	 0.01210107 
3 	 -0.86785 	 1.997492 	 1.991947 	 0.2783473 	 0.00554453 
4 	 -0.010722 	 2.153509 	 2.157112 	 0.1670296 	 0.003603016 
5 	 0.846406 	 1.997491 	 1.991947 	 0.2783334 	 0.005544254 
6 	 1.233635 	 1.779335 	 1.791437 	 0.6755595 	 0.01210222 
7 	 1.573043 	 1.501298 	 1.521597 	 1.334053 	 0.02029891 
8 	 1.851589 	 1.224356 	 1.192795 	 2.645971 	 0.03156101 
9 	 -2.207469 	 0.3514526 	 0.410633 	 14.412 	 0.05918043 
10 	 2.186023 	 0.3514483 	 0.410631 	 14.41263 	 0.05918274 
11 	 -1.873034 	 1.224355 	 1.192796 	 2.645823 	 0.03155927 
12 	 -1.986027 	 1.044572 	 1.010154 	 3.40723 	 0.03441827 
13 	 -2.154052 	 0.5715081 	 0.617181 	 7.400252 	 0.04567295 
14 	 2.132607 	 0.5715033 	 0.61718 	 7.400867 	 0.04567667 
15 	 1.964582 	 1.044573 	 1.010152 	 3.407535 	 0.03442128 
16 	 1.410175 	 1.642662 	 1.664587 	 1.317118 	 0.02192457 
17 	 0.63945 	 2.067945 	 2.063674 	 0.2069455 	 0.00427068 
18 	 0.208814 	 2.143894 	 2.146656 	 0.1286437 	 0.002761538 
19 	 -0.230258 	 2.143894 	 2.146656 	 0.1286434 	 0.002761531 
20 	 -0.660894 	 2.067945 	 2.063674 	 0.2069462 	 0.004270696 
21 	 -1.43162 	 1.642665 	 1.664588 	 1.317044 	 0.02192336 
----------------------------------------------------------------------------------------
ERROR RELATIVO PROMEDIO :  3.037164 
ERROR ABSOLUTO PROMEDIO :  0.02281318 


Altura :  2.009147
----------------------------------------------------------------------------------------
# dato	X Evaluado	Y Obtenido	Y Real		Error Relativo	Error Absoulto
----------------------------------------------------------------------------------------
1 	 -1.665021 	 1.592982 	 1.614509 	 1.333322 	 0.0215266 
2 	 -1.310924 	 1.887856 	 1.90069 	 0.6752233 	 0.0128339 
3 	 -0.906937 	 2.119222 	 2.113342 	 0.2782375 	 0.005880109 
4 	 -0.012715 	 2.284688 	 2.288509 	 0.1669771 	 0.003821287 
5 	 0.881506 	 2.119221 	 2.113342 	 0.2781958 	 0.005879229 
6 	 1.285493 	 1.887856 	 1.90069 	 0.6752518 	 0.01283444 
7 	 1.63959 	 1.592982 	 1.614508 	 1.33327 	 0.02152575 
8 	 1.93019 	 1.299266 	 1.265795 	 2.644259 	 0.0334709 
9 	 -2.304529 	 0.3735024 	 0.436267 	 14.38675 	 0.06276463 
10 	 2.279097 	 0.3735042 	 0.436265 	 14.38593 	 0.06276079 
11 	 -1.955621 	 1.299268 	 1.265796 	 2.644373 	 0.03347237 
12 	 -2.073504 	 1.108599 	 1.072094 	 3.404974 	 0.03650453 
13 	 -2.248802 	 0.606879 	 0.655324 	 7.392534 	 0.04844505 
14 	 2.22337 	 0.6068793 	 0.655322 	 7.392201 	 0.04844272 
15 	 2.048073 	 1.108595 	 1.072092 	 3.404831 	 0.03650292 
16 	 1.469674 	 1.742907 	 1.766158 	 1.316474 	 0.02325102 
17 	 0.665594 	 2.193941 	 2.189412 	 0.2068703 	 0.004529244 
18 	 0.216322 	 2.274491 	 2.277419 	 0.1285676 	 0.002928024 
19 	 -0.241752 	 2.274491 	 2.277419 	 0.1285745 	 0.00292818 
20 	 -0.691025 	 2.193942 	 2.189413 	 0.2068399 	 0.00452858 
21 	 -1.495105 	 1.742907 	 1.766159 	 1.316526 	 0.02325194 
----------------------------------------------------------------------------------------
ERROR RELATIVO PROMEDIO :  3.033342 
ERROR ABSOLUTO PROMEDIO :  0.02419439 


Altura :  2.511432
----------------------------------------------------------------------------------------
# dato	X Evaluado	Y Obtenido	Y Real		Error Relativo	Error Absoulto
----------------------------------------------------------------------------------------
1 	 -1.234947 	 1.80166 	 1.813914 	 0.6755757 	 0.01225436 
2 	 -0.855224 	 2.022535 	 2.016922 	 0.2783115 	 0.005613326 
3 	 -0.014708 	 2.180496 	 2.184144 	 0.1670375 	 0.003648341 
4 	 0.825806 	 2.022535 	 2.016921 	 0.2783328 	 0.005613752 
5 	 1.20553 	 1.801661 	 1.813913 	 0.6754365 	 0.01225183 
6 	 1.53836 	 1.520159 	 1.54071 	 1.333871 	 0.02055109 
7 	 1.811505 	 1.239763 	 1.20781 	 2.645535 	 0.03195304 
8 	 -2.168865 	 0.3559841 	 0.415905 	 14.40736 	 0.05992093 
9 	 2.139444 	 0.355988 	 0.415903 	 14.406 	 0.05991497 
10 	 -1.840924 	 1.239771 	 1.207813 	 2.64593 	 0.03195789 
11 	 -1.567778 	 1.520158 	 1.540712 	 1.334087 	 0.02055444 
12 	 -1.951725 	 1.057748 	 1.022895 	 3.40731 	 0.0348532 
13 	 -2.116488 	 0.5787772 	 0.625026 	 7.399498 	 0.04624879 
14 	 2.087066 	 0.5787797 	 0.625024 	 7.398811 	 0.04624434 
15 	 1.922305 	 1.057739 	 1.022892 	 3.406674 	 0.03484659 
16 	 1.378649 	 1.663285 	 1.685482 	 1.316933 	 0.02219667 
17 	 0.622862 	 2.093865 	 2.089541 	 0.2069491 	 0.004324286 
18 	 0.200573 	 2.170761 	 2.173557 	 0.1286319 	 0.002795888 
19 	 -0.22999 	 2.170762 	 2.173557 	 0.1286069 	 0.002795345 
20 	 -0.652279 	 2.093867 	 2.089542 	 0.2069607 	 0.004324532 
21 	 -1.408067 	 1.663282 	 1.685483 	 1.317166 	 0.02220061 
----------------------------------------------------------------------------------------
ERROR RELATIVO PROMEDIO :  3.036429 
ERROR ABSOLUTO PROMEDIO :  0.0230983 


Altura :  3.013716
----------------------------------------------------------------------------------------
# dato	X Evaluado	Y Obtenido	Y Real		Error Relativo	Error Absoulto
----------------------------------------------------------------------------------------
1 	 -1.344806 	 1.312901 	 1.330695 	 1.337217 	 0.01779428 
2 	 -1.060187 	 1.556354 	 1.566963 	 0.6770654 	 0.01060936 
3 	 -0.735467 	 1.747386 	 1.742525 	 0.2789582 	 0.004860917 
4 	 -0.016702 	 1.883982 	 1.887139 	 0.1672957 	 0.003157103 
5 	 0.702063 	 1.747381 	 1.742524 	 0.2787123 	 0.004856629 
6 	 1.026783 	 1.556363 	 1.566961 	 0.6763228 	 0.01059771 
7 	 1.311401 	 1.31291 	 1.330686 	 1.335816 	 0.01777552 
8 	 1.544967 	 1.07042 	 1.042784 	 2.650215 	 0.02763602 
9 	 -1.858735 	 0.3061166 	 0.357952 	 14.48109 	 0.05183536 
10 	 1.825308 	 0.3061473 	 0.35795 	 14.47205 	 0.05180269 
11 	 -1.57838 	 1.070462 	 1.042798 	 2.652883 	 0.02766421 
12 	 -1.673118 	 0.9130431 	 0.882877 	 3.4168 	 0.03016614 
13 	 -1.813969 	 0.498782 	 0.538799 	 7.427067 	 0.04001696 
14 	 1.780535 	 0.4988083 	 0.538793 	 7.421161 	 0.03998469 
15 	 1.639694 	 0.9129995 	 0.882865 	 3.413263 	 0.0301345 
16 	 1.174825 	 1.436691 	 1.45589 	 1.318701 	 0.01919884 
17 	 0.528515 	 1.809068 	 1.805327 	 0.2072168 	 0.003740941 
18 	 0.167395 	 1.875565 	 1.877984 	 0.1288149 	 0.002419124 
19 	 -0.200799 	 1.875564 	 1.877984 	 0.1288666 	 0.002420093 
20 	 -0.561919 	 1.809071 	 1.805327 	 0.207409 	 0.003744411 
21 	 -1.208229 	 1.436675 	 1.455896 	 1.320205 	 0.01922081 
----------------------------------------------------------------------------------------
ERROR RELATIVO PROMEDIO :  3.047482 
ERROR ABSOLUTO PROMEDIO :  0.01998268 


Altura :  3.495073
----------------------------------------------------------------------------------------
# dato	X Evaluado	Y Obtenido	Y Real		Error Relativo	Error Absoulto
----------------------------------------------------------------------------------------
1 	 -1.064624 	 1.032572 	 1.046657 	 1.345668 	 0.01408453 
2 	 -0.840459 	 1.224574 	 1.232974 	 0.6813016 	 0.008400271 
3 	 -0.58471 	 1.375263 	 1.371416 	 0.2805049 	 0.003846888 
4 	 -0.018612 	 1.482958 	 1.485454 	 0.1680425 	 0.002496194 
5 	 0.547485 	 1.375248 	 1.371416 	 0.279451 	 0.003832436 
6 	 0.803234 	 1.224607 	 1.232969 	 0.6782271 	 0.00836233 
7 	 1.027398 	 1.032605 	 1.046631 	 1.34012 	 0.01402611 
8 	 1.211321 	 0.8413762 	 0.819576 	 2.659939 	 0.02180022 
9 	 -1.469173 	 0.2386345 	 0.279565 	 14.6408 	 0.04093054 
10 	 1.43188 	 0.2387459 	 0.27956 	 14.5994 	 0.04081409 
11 	 -1.248571 	 0.8415025 	 0.819616 	 2.670335 	 0.0218865 
12 	 -0.957057 	 1.130173 	 1.145389 	 1.328466 	 0.0152161 
13 	 -0.448024 	 1.423902 	 1.42094 	 0.2084868 	 0.002962472 
14 	 -0.163607 	 1.47632 	 1.478234 	 0.1294656 	 0.001913804 
15 	 0.126383 	 1.476323 	 1.478234 	 0.1292735 	 0.001910965 
16 	 0.4108 	 1.423892 	 1.420939 	 0.2078478 	 0.002953391 
17 	 0.919832 	 1.130226 	 1.145374 	 1.322556 	 0.01514821 
18 	 1.28587 	 0.7172259 	 0.693465 	 3.426407 	 0.02376093 
19 	 1.396661 	 0.3906478 	 0.422154 	 7.463194 	 0.03150617 
20 	 -1.433975 	 0.3905557 	 0.422168 	 7.488091 	 0.03161233 
21 	 -1.323152 	 0.7173583 	 0.6935 	 3.440279 	 0.02385833 
----------------------------------------------------------------------------------------
ERROR RELATIVO PROMEDIO :  3.07085 
ERROR ABSOLUTO PROMEDIO :  0.01577728 


Altura :  3.850857
----------------------------------------------------------------------------------------
# dato	X Evaluado	Y Obtenido	Y Real		Error Relativo	Error Absoulto
----------------------------------------------------------------------------------------
1 	 -1.148935 	 0.181493 	 0.213188 	 14.86716 	 0.03169501 
2 	 -0.977457 	 0.6476392 	 0.630639 	 2.695706 	 0.01700017 
3 	 -0.834284 	 0.7952074 	 0.806154 	 1.357874 	 0.01094655 
4 	 -0.659784 	 0.9436473 	 0.950177 	 0.6872094 	 0.006529706 
5 	 -0.460698 	 1.06018 	 1.05719 	 0.2828517 	 0.00299028 
6 	 -0.020024 	 1.143401 	 1.145338 	 0.1691407 	 0.001937232 
7 	 0.42065 	 1.060155 	 1.05719 	 0.2804649 	 0.002965047 
8 	 0.619735 	 0.9437002 	 0.95017 	 0.6809057 	 0.006469761 
9 	 0.794232 	 0.7952618 	 0.806111 	 1.345865 	 0.01084917 
10 	 0.937365 	 0.6474347 	 0.630574 	 2.673867 	 0.01686071 
11 	 1.108774 	 0.181671 	 0.213183 	 14.78164 	 0.03151195 
12 	 -1.121607 	 0.2989091 	 0.323409 	 7.575517 	 0.02449991 
13 	 -1.035473 	 0.5516648 	 0.533147 	 3.473308 	 0.01851784 
14 	 -0.750549 	 0.8706473 	 0.882475 	 1.340287 	 0.0118277 
15 	 -0.354296 	 1.097773 	 1.09547 	 0.2101909 	 0.002302578 
16 	 -0.132894 	 1.138271 	 1.139757 	 0.1304026 	 0.001486272 
17 	 0.092846 	 1.138275 	 1.139757 	 0.129985 	 0.001481513 
18 	 0.314248 	 1.097756 	 1.09547 	 0.2086448 	 0.002285641 
19 	 0.7105 	 0.8707335 	 0.882452 	 1.327949 	 0.01171852 
20 	 0.995329 	 0.5514498 	 0.533088 	 3.444417 	 0.01836177 
21 	 1.081411 	 0.2990588 	 0.323388 	 7.523224 	 0.0243292 
----------------------------------------------------------------------------------------
ERROR RELATIVO PROMEDIO :  3.104125 
ERROR ABSOLUTO PROMEDIO :  0.01221745 


Altura :  4.017666
----------------------------------------------------------------------------------------
# dato	X Evaluado	Y Obtenido	Y Real		Error Relativo	Error Absoulto
----------------------------------------------------------------------------------------
1 	 0.537679 	 0.8165992 	 0.822212 	 0.6826464 	 0.005612801 
2 	 0.689787 	 0.6878723 	 0.697285 	 1.349913 	 0.009412742 
3 	 0.814536 	 0.5596847 	 0.545059 	 2.683323 	 0.0146257 
4 	 -1.003939 	 0.155633 	 0.183157 	 15.02755 	 0.02752402 
5 	 0.963804 	 0.15585 	 0.18315 	 14.9058 	 0.02729998 
6 	 -0.854585 	 0.5599187 	 0.545135 	 2.711931 	 0.01478369 
7 	 -0.72979 	 0.6878116 	 0.697334 	 1.365537 	 0.009522354 
8 	 -0.577679 	 0.8165386 	 0.822221 	 0.6911042 	 0.005682404 
9 	 -0.404136 	 0.9176137 	 0.915012 	 0.2843311 	 0.002601664 
10 	 -0.019999 	 0.9897618 	 0.991446 	 0.1698758 	 0.001684227 
11 	 0.364136 	 0.9175863 	 0.915012 	 0.2813354 	 0.002574253 
12 	 0.616799 	 0.7533214 	 0.763488 	 1.331598 	 0.01016659 
13 	 0.865027 	 0.4764471 	 0.460527 	 3.456935 	 0.01592012 
14 	 0.93998 	 0.2576205 	 0.278702 	 7.564167 	 0.02108148 
15 	 -0.980153 	 0.2574431 	 0.278727 	 7.636124 	 0.02128394 
16 	 -0.905136 	 0.4766939 	 0.460594 	 3.495459 	 0.01609988 
17 	 -0.656798 	 0.7532245 	 0.763515 	 1.347774 	 0.01029046 
18 	 -0.311385 	 0.950208 	 0.948205 	 0.2112391 	 0.00200298 
19 	 -0.118388 	 0.985314 	 0.986607 	 0.1310533 	 0.001292981 
20 	 0.078389 	 0.9853193 	 0.986607 	 0.1305158 	 0.001287678 
21 	 0.271386 	 0.9501891 	 0.948205 	 0.2092529 	 0.001984147 
----------------------------------------------------------------------------------------
ERROR RELATIVO PROMEDIO :  3.127023 
ERROR ABSOLUTO PROMEDIO :  0.01060638 


Altura :  4.18077
----------------------------------------------------------------------------------------
# dato	X Evaluado	Y Obtenido	Y Real		Error Relativo	Error Absoulto
----------------------------------------------------------------------------------------
1 	 -0.778476 	 0.4923676 	 0.496429 	 0.818127 	 0.004061419 
2 	 -0.664438 	 0.6378984 	 0.635336 	 0.4033136 	 0.002562396 
3 	 -0.366859 	 0.8333857 	 0.834006 	 0.07437066 	 0.0006202558 
4 	 -0.194788 	 0.8865889 	 0.886156 	 0.04885302 	 0.000432914 
5 	 0.163107 	 0.8853991 	 0.886156 	 0.08541491 	 0.0007569094 
6 	 0.335178 	 0.8358311 	 0.834006 	 0.2188368 	 0.001825112 
7 	 0.632754 	 0.6286691 	 0.635293 	 1.042654 	 0.006623907 
8 	 0.746751 	 0.5091034 	 0.496363 	 2.566751 	 0.0127404 
9 	 0.883178 	 0.1413805 	 0.166054 	 14.85871 	 0.02467349 
10 	 -0.824676 	 0.4135767 	 0.419271 	 1.358142 	 0.005694297 
11 	 -0.597739 	 0.6978794 	 0.695737 	 0.3079395 	 0.002142449 
12 	 -0.44823 	 0.7946593 	 0.79555 	 0.1119554 	 0.0008906612 
13 	 -0.105747 	 0.8997761 	 0.899349 	 0.04749045 	 0.0004271049 
14 	 0.074066 	 0.8988102 	 0.899349 	 0.05991042 	 0.0005388038 
15 	 0.416549 	 0.7980045 	 0.795549 	 0.3086524 	 0.002455481 
16 	 0.566058 	 0.6908216 	 0.695714 	 0.7032146 	 0.004892363 
17 	 0.792896 	 0.4333215 	 0.419212 	 3.36572 	 0.0141095 
18 	 0.861403 	 0.2343253 	 0.253264 	 7.477862 	 0.01893873 
----------------------------------------------------------------------------------------
ERROR RELATIVO PROMEDIO :  1.880996 
ERROR ABSOLUTO PROMEDIO :  0.005799234 


Altura :  4.526049
----------------------------------------------------------------------------------------
# dato	X Evaluado	Y Obtenido	Y Real		Error Relativo	Error Absoulto
----------------------------------------------------------------------------------------
1 	 0.28961 	 0.7031254 	 0.701235 	 0.2695836 	 0.001890414 
2 	 0.423828 	 0.6269337 	 0.629822 	 0.4585823 	 0.002888252 
3 	 0.638585 	 0.4254855 	 0.416565 	 2.141451 	 0.008920537 
4 	 0.710352 	 0.2683115 	 0.282969 	 5.179906 	 0.01465753 
5 	 -0.77291 	 0.1151864 	 0.138021 	 16.5443 	 0.0228346 
6 	 -0.65484 	 0.4285935 	 0.416532 	 2.895704 	 0.01206153 
7 	 -0.556291 	 0.5259151 	 0.533664 	 1.452024 	 0.007748931 
8 	 -0.436992 	 0.6252139 	 0.629804 	 0.7288212 	 0.004590145 
9 	 -0.302037 	 0.7032557 	 0.701231 	 0.2887298 	 0.002024663 
10 	 -0.005537 	 0.7593186 	 0.760055 	 0.09688495 	 0.0007363789 
11 	 0.145241 	 0.746439 	 0.745207 	 0.1653287 	 0.001232041 
12 	 -0.081415 	 0.7555449 	 0.756331 	 0.1039398 	 0.0007861286 
13 	 -0.230316 	 0.7282848 	 0.726778 	 0.2073219 	 0.00150677 
14 	 -0.498924 	 0.5762525 	 0.58461 	 1.429583 	 0.008357486 
15 	 -0.694898 	 0.3646797 	 0.351485 	 3.753997 	 0.01319474 
16 	 -0.754309 	 0.1939346 	 0.211558 	 8.330272 	 0.01762336 
17 	 0.735106 	 0.1895503 	 0.211298 	 10.29245 	 0.02174774 
18 	 0.593106 	 0.4851433 	 0.477487 	 1.603467 	 0.007656349 
19 	 0.485195 	 0.5808 	 0.584636 	 0.6561299 	 0.003835972 
20 	 0.218458 	 0.7289164 	 0.726779 	 0.2940904 	 0.002137387 
----------------------------------------------------------------------------------------
ERROR RELATIVO PROMEDIO :  2.844628 
ERROR ABSOLUTO PROMEDIO :  0.007821548 


Altura :  4.993195
----------------------------------------------------------------------------------------
# dato	X Evaluado	Y Obtenido	Y Real		Error Relativo	Error Absoulto
----------------------------------------------------------------------------------------
1 	 0.140714 	 0.6607085 	 0.660638 	 0.01067851 	 7.054631e-05 
2 	 0.263018 	 0.6225005 	 0.621572 	 0.1493839 	 0.0009285282 
3 	 0.385075 	 0.5562617 	 0.558131 	 0.334926 	 0.001869326 
4 	 0.584745 	 0.3743106 	 0.368697 	 1.522552 	 0.005613602 
5 	 0.651526 	 0.2418241 	 0.250004 	 3.271901 	 0.008179885 
6 	 -0.733056 	 0.09083879 	 0.121049 	 24.95701 	 0.03021021 
7 	 -0.609162 	 0.3836959 	 0.368126 	 4.229496 	 0.01556987 
8 	 -0.505206 	 0.4625616 	 0.472295 	 2.060865 	 0.00973336 
9 	 -0.384979 	 0.5525129 	 0.557949 	 0.9742939 	 0.005436063 
10 	 -0.257033 	 0.6236139 	 0.621541 	 0.333508 	 0.002072889 
11 	 0.008405 	 0.6736083 	 0.673829 	 0.03275781 	 0.0002207316 
12 	 0.662683 	 0.2121013 	 0.109714 	 93.32198 	 0.1023873 
13 	 -0.059067 	 0.6700876 	 0.67052 	 0.06449244 	 0.0004324347 
14 	 -0.191897 	 0.6456398 	 0.644259 	 0.2143275 	 0.001380824 
15 	 -0.446553 	 0.5074105 	 0.517677 	 1.983191 	 0.01026652 
16 	 -0.652222 	 0.3277351 	 0.310397 	 5.585787 	 0.01733812 
17 	 -0.715126 	 0.1628132 	 0.186288 	 12.60136 	 0.02347482 
18 	 0.54245 	 0.4277418 	 0.422816 	 1.164996 	 0.004925789 
19 	 0.442125 	 0.5155163 	 0.517992 	 0.4779344 	 0.002475662 
20 	 0.202441 	 0.6447793 	 0.644266 	 0.07967009 	 0.0005132873 
----------------------------------------------------------------------------------------
ERROR RELATIVO PROMEDIO :  7.668555 
ERROR ABSOLUTO PROMEDIO :  0.01215499 


Altura :  5.480656
----------------------------------------------------------------------------------------
# dato	X Evaluado	Y Obtenido	Y Real		Error Relativo	Error Absoulto
----------------------------------------------------------------------------------------
1 	 0.169722 	 0.7531233 	 0.754604 	 0.1962181 	 0.001480669 
2 	 0.295467 	 0.7109486 	 0.710086 	 0.1214794 	 0.0008626079 
3 	 0.440545 	 0.6352173 	 0.637792 	 0.4036947 	 0.002574733 
4 	 0.687386 	 0.4287743 	 0.421924 	 1.623588 	 0.006850307 
5 	 0.769919 	 0.2764754 	 0.286657 	 3.551831 	 0.01018157 
6 	 -0.953147 	 0.08625587 	 0.139328 	 38.0915 	 0.05307213 
7 	 -0.770268 	 0.4470954 	 0.420102 	 6.425439 	 0.0269934 
8 	 -0.615408 	 0.5232105 	 0.539064 	 2.940922 	 0.01585345 
9 	 -0.446858 	 0.6293227 	 0.637218 	 1.239019 	 0.007895251 
10 	 -0.283378 	 0.7125203 	 0.709989 	 0.3565229 	 0.002531273 
11 	 0.022959 	 0.7702146 	 0.769636 	 0.07517405 	 0.0005785666 
12 	 0.23248 	 0.7350364 	 0.735947 	 0.123734 	 0.000910617 
13 	 0.511072 	 0.5888212 	 0.592055 	 0.5462057 	 0.003233838 
14 	 0.6351 	 0.489621 	 0.483598 	 1.245447 	 0.006022957 
15 	 0.798804 	 0.2011857 	 0.215066 	 6.453985 	 0.01388033 
16 	 -0.929749 	 0.1716393 	 0.213459 	 19.59145 	 0.04181972 
17 	 -0.83588 	 0.3851334 	 0.354439 	 8.659988 	 0.03069437 
18 	 -0.531526 	 0.575136 	 0.591057 	 2.693649 	 0.015921 
19 	 -0.206146 	 0.7373602 	 0.735924 	 0.1951519 	 0.00143617 
20 	 -0.053896 	 0.7659336 	 0.765865 	 0.008955766 	 6.858908e-05 
----------------------------------------------------------------------------------------
ERROR RELATIVO PROMEDIO :  4.727198 
ERROR ABSOLUTO PROMEDIO :  0.01214308 


Altura :  5.968112
----------------------------------------------------------------------------------------
# dato	X Evaluado	Y Obtenido	Y Real		Error Relativo	Error Absoulto
----------------------------------------------------------------------------------------
1 	 -1.335174 	 0.09682761 	 0.179879 	 46.1707 	 0.08305139 
2 	 -1.060568 	 0.5776509 	 0.5355 	 7.87131 	 0.04215086 
3 	 -0.826794 	 0.6629367 	 0.686781 	 3.471899 	 0.02384434 
4 	 -0.580619 	 0.8008374 	 0.811942 	 1.367653 	 0.01110455 
5 	 -0.355087 	 0.9079199 	 0.904631 	 0.3635658 	 0.003288929 
6 	 0.037515 	 0.9822448 	 0.980411 	 0.1870453 	 0.001833813 
7 	 0.365167 	 0.9088896 	 0.904817 	 0.4501035 	 0.004072613 
8 	 0.555365 	 0.8050533 	 0.813045 	 0.9829298 	 0.007991662 
9 	 0.738262 	 0.6789961 	 0.68953 	 1.527695 	 0.01053392 
10 	 0.88831 	 0.5539085 	 0.539001 	 2.765774 	 0.01490755 
11 	 1.067851 	 0.1537581 	 0.181003 	 15.0522 	 0.02724493 
12 	 -1.302491 	 0.2077347 	 0.273762 	 24.11852 	 0.06602734 
13 	 -1.16075 	 0.5006941 	 0.452269 	 10.70716 	 0.04842515 
14 	 -0.7029 	 0.7298199 	 0.753067 	 3.086996 	 0.02324715 
15 	 -0.254022 	 0.9392985 	 0.937602 	 0.1809394 	 0.001696491 
16 	 -0.059956 	 0.9762098 	 0.975624 	 0.06004674 	 0.0005858304 
17 	 0.133435 	 0.97714 	 0.975625 	 0.1552802 	 0.001514953 
18 	 0.291452 	 0.9391629 	 0.937645 	 0.1618836 	 0.001517894 
19 	 0.650498 	 0.7423898 	 0.754984 	 1.66814 	 0.01259419 
20 	 0.949087 	 0.4714671 	 0.455389 	 3.530621 	 0.01607806 
21 	 1.039263 	 0.2544275 	 0.275521 	 7.655845 	 0.02109346 
----------------------------------------------------------------------------------------
ERROR RELATIVO PROMEDIO :  6.263633 
ERROR ABSOLUTO PROMEDIO :  0.02013357