Altura :  8e-06
----------------------------------------------------------------------------------------
# dato	X Evaluado	Y Obtenido	Y Real		Error Relativo	Error Absoulto
----------------------------------------------------------------------------------------
1 	 -0.476118 	 0.1776931 	 0.239284 	 25.73968 	 0.06159094 
2 	 -0.343818 	 0.3280262 	 0.400492 	 18.0942 	 0.07246581 
3 	 -0.159896 	 0.4325872 	 0.4988 	 13.27443 	 0.06621284 
4 	 0.15041 	 0.4325869 	 0.4988 	 13.27448 	 0.06621308 
5 	 0.334331 	 0.3280257 	 0.400492 	 18.09431 	 0.07246626 
6 	 0.466632 	 0.1776926 	 0.239283 	 25.73956 	 0.0615904 
----------------------------------------------------------------------------------------
ERROR RELATIVO PROMEDIO :  19.03611 
ERROR ABSOLUTO PROMEDIO :  0.06675656 


Altura :  0.020937
----------------------------------------------------------------------------------------
# dato	X Evaluado	Y Obtenido	Y Real		Error Relativo	Error Absoulto
----------------------------------------------------------------------------------------
1 	 -0.808761 	 0.08787466 	 0.146785 	 40.13376 	 0.05891034 
2 	 -0.686369 	 0.3426513 	 0.441421 	 22.3754 	 0.09876971 
3 	 -0.584431 	 0.4610546 	 0.565279 	 18.4377 	 0.1042244 
4 	 -0.460219 	 0.5601434 	 0.666926 	 16.01116 	 0.1067826 
5 	 -0.318506 	 0.6351509 	 0.742457 	 14.45284 	 0.1073061 
6 	 -0.004826 	 0.6999827 	 0.804673 	 13.01029 	 0.1046903 
7 	 0.308854 	 0.6351508 	 0.742456 	 14.45274 	 0.1073052 
8 	 0.450566 	 0.5601432 	 0.666926 	 16.01119 	 0.1067828 
9 	 0.574778 	 0.4610542 	 0.565278 	 18.43763 	 0.1042238 
10 	 0.676717 	 0.3426507 	 0.441421 	 22.37554 	 0.09877034 
11 	 0.799108 	 0.08787366 	 0.146784 	 40.13403 	 0.05891034 
12 	 -0.782717 	 0.1701383 	 0.22262 	 23.57459 	 0.05248174 
13 	 -0.721734 	 0.2872873 	 0.369421 	 22.23308 	 0.08213367 
14 	 -0.52052 	 0.5203692 	 0.613895 	 15.23482 	 0.09352578 
15 	 -0.240797 	 0.665762 	 0.76298 	 12.74188 	 0.09721798 
16 	 -0.084504 	 0.6962219 	 0.793979 	 12.31231 	 0.09775714 
17 	 0.074851 	 0.6962218 	 0.793979 	 12.31231 	 0.09775716 
18 	 0.231144 	 0.6657619 	 0.76298 	 12.74189 	 0.09721805 
19 	 0.510868 	 0.5203689 	 0.613895 	 15.23487 	 0.09352608 
20 	 0.712082 	 0.2872866 	 0.36942 	 22.23307 	 0.08213341 
21 	 0.773064 	 0.1701373 	 0.222619 	 23.57466 	 0.05248167 
----------------------------------------------------------------------------------------
ERROR RELATIVO PROMEDIO :  19.4298 
ERROR ABSOLUTO PROMEDIO :  0.0906147 


Altura :  0.167437
----------------------------------------------------------------------------------------
# dato	X Evaluado	Y Obtenido	Y Real		Error Relativo	Error Absoulto
----------------------------------------------------------------------------------------
1 	 -1.090477 	 0.1497152 	 0.19951 	 24.95854 	 0.04979479 
2 	 -0.925285 	 0.462547 	 0.591571 	 21.8104 	 0.129024 
3 	 -0.787699 	 0.6211094 	 0.756383 	 17.88427 	 0.1352736 
4 	 -0.62005 	 0.7534064 	 0.891642 	 15.50349 	 0.1382356 
5 	 -0.42878 	 0.8531645 	 0.992147 	 14.00826 	 0.1389825 
6 	 -0.005407 	 0.9390525 	 1.074936 	 12.64108 	 0.1358835 
7 	 0.417966 	 0.8531642 	 0.992147 	 14.00829 	 0.1389828 
8 	 0.609235 	 0.7534059 	 0.891641 	 15.50345 	 0.1382351 
9 	 0.776884 	 0.6211088 	 0.756383 	 17.88435 	 0.1352742 
10 	 0.91447 	 0.4625464 	 0.591571 	 21.81051 	 0.1290246 
11 	 1.079661 	 0.149715 	 0.19951 	 24.95863 	 0.04979496 
12 	 -1.064092 	 0.2315701 	 0.303043 	 23.58505 	 0.07147286 
13 	 -0.981097 	 0.3883484 	 0.500021 	 22.33358 	 0.1116726 
14 	 -0.707251 	 0.7003631 	 0.828058 	 15.421 	 0.1276949 
15 	 -0.326556 	 0.8937596 	 1.0281 	 13.06686 	 0.1343404 
16 	 -0.113846 	 0.9340796 	 1.069695 	 12.67795 	 0.1356154 
17 	 0.103031 	 0.9340795 	 1.069695 	 12.67796 	 0.1356155 
18 	 0.315741 	 0.8937594 	 1.0281 	 13.06688 	 0.1343406 
19 	 0.696436 	 0.7003626 	 0.828057 	 15.42097 	 0.1276944 
20 	 0.970282 	 0.3883478 	 0.500021 	 22.3337 	 0.1116732 
21 	 1.053277 	 0.2315698 	 0.303043 	 23.58517 	 0.07147322 
----------------------------------------------------------------------------------------
ERROR RELATIVO PROMEDIO :  17.86383 
ERROR ABSOLUTO PROMEDIO :  0.1180999 


Altura :  0.523222
----------------------------------------------------------------------------------------
# dato	X Evaluado	Y Obtenido	Y Real		Error Relativo	Error Absoulto
----------------------------------------------------------------------------------------
1 	 -0.849644 	 1.017459 	 1.203341 	 15.44714 	 0.1858817 
2 	 -0.587367 	 1.151602 	 1.338489 	 13.96253 	 0.1868869 
3 	 -0.006819 	 1.267094 	 1.449814 	 12.60299 	 0.1827199 
4 	 0.573729 	 1.151602 	 1.338489 	 13.96257 	 0.1868874 
5 	 0.836006 	 1.017459 	 1.203341 	 15.4472 	 0.1858825 
6 	 1.065893 	 0.8395612 	 1.021462 	 17.80789 	 0.1819008 
7 	 1.254557 	 0.6263453 	 0.799841 	 21.69128 	 0.1734957 
8 	 -1.494714 	 0.2056876 	 0.272646 	 24.55874 	 0.06695843 
9 	 1.481075 	 0.2056866 	 0.272644 	 24.55856 	 0.06695743 
10 	 -1.268196 	 0.6263462 	 0.799842 	 21.69126 	 0.1734958 
11 	 -1.079532 	 0.8395621 	 1.021462 	 17.8078 	 0.1818999 
12 	 -0.969218 	 0.946133 	 1.117841 	 15.36068 	 0.171708 
13 	 -0.447192 	 1.20619 	 1.386835 	 13.02573 	 0.1806454 
14 	 -0.155515 	 1.260407 	 1.442766 	 12.63953 	 0.1823589 
15 	 0.141877 	 1.260407 	 1.442766 	 12.63954 	 0.182359 
16 	 0.433554 	 1.206189 	 1.386835 	 13.02576 	 0.1806458 
17 	 0.95558 	 0.9461322 	 1.117841 	 15.36075 	 0.1717088 
18 	 1.331089 	 0.5265719 	 0.676736 	 22.18947 	 0.1501641 
19 	 1.444896 	 0.3157553 	 0.411863 	 23.33488 	 0.09610775 
20 	 -1.458535 	 0.3157563 	 0.411864 	 23.33483 	 0.09610775 
21 	 -1.344728 	 0.5265729 	 0.676737 	 22.18944 	 0.1501641 
----------------------------------------------------------------------------------------
ERROR RELATIVO PROMEDIO :  17.74469 
ERROR ABSOLUTO PROMEDIO :  0.1588065 


Altura :  1.004578
----------------------------------------------------------------------------------------
# dato	X Evaluado	Y Obtenido	Y Real		Error Relativo	Error Absoulto
----------------------------------------------------------------------------------------
1 	 -1.087295 	 1.297852 	 1.534329 	 15.41241 	 0.2364771 
2 	 -0.751658 	 1.468507 	 1.706263 	 13.9343 	 0.2377557 
3 	 -0.008729 	 1.615435 	 1.84789 	 12.57947 	 0.2324547 
4 	 0.7342 	 1.468507 	 1.706263 	 13.93431 	 0.2377561 
5 	 1.069836 	 1.297851 	 1.534328 	 15.41239 	 0.2364766 
6 	 1.364025 	 1.071532 	 1.302943 	 17.76065 	 0.2314111 
7 	 1.605458 	 0.8002804 	 1.021 	 21.61799 	 0.2207196 
8 	 -1.912793 	 0.2651228 	 0.350306 	 24.3168 	 0.0851832 
9 	 1.895334 	 0.2651218 	 0.350305 	 24.31687 	 0.0851832 
10 	 -1.622917 	 0.8002812 	 1.021001 	 21.61798 	 0.2207198 
11 	 -1.381483 	 1.071533 	 1.302944 	 17.76066 	 0.2314114 
12 	 -1.240315 	 1.207111 	 1.425556 	 15.32348 	 0.2184447 
13 	 -0.572276 	 1.537953 	 1.767768 	 13.00029 	 0.2298149 
14 	 -0.199015 	 1.606928 	 1.838924 	 12.61585 	 0.2319958 
15 	 0.181557 	 1.606928 	 1.838924 	 12.61585 	 0.2319959 
16 	 0.554818 	 1.537953 	 1.767768 	 13.0003 	 0.2298151 
17 	 1.222856 	 1.207111 	 1.425556 	 15.32352 	 0.2184453 
18 	 1.703396 	 0.6733494 	 0.864387 	 22.10093 	 0.1910376 
19 	 1.849035 	 0.4051503 	 0.527418 	 23.18232 	 0.1222677 
20 	 -1.866494 	 0.4051513 	 0.527419 	 23.18228 	 0.1222677 
21 	 -1.720855 	 0.6733504 	 0.864388 	 22.10091 	 0.1910376 
----------------------------------------------------------------------------------------
ERROR RELATIVO PROMEDIO :  17.67188 
ERROR ABSOLUTO PROMEDIO :  0.202032 


Altura :  1.506862
----------------------------------------------------------------------------------------
# dato	X Evaluado	Y Obtenido	Y Real		Error Relativo	Error Absoulto
----------------------------------------------------------------------------------------
1 	 -1.594488 	 1.251725 	 1.521598 	 17.73612 	 0.2698725 
2 	 -1.255079 	 1.515659 	 1.791438 	 15.3943 	 0.2757793 
3 	 -0.86785 	 1.714677 	 1.991947 	 13.91957 	 0.2772704 
4 	 -0.010722 	 1.886024 	 2.157112 	 12.56719 	 0.2710884 
5 	 0.846406 	 1.714676 	 1.991947 	 13.9196 	 0.277271 
6 	 1.233635 	 1.515658 	 1.791437 	 15.3943 	 0.2757791 
7 	 1.573043 	 1.251724 	 1.521597 	 17.73614 	 0.2698725 
8 	 1.851589 	 0.9353914 	 1.192795 	 21.57987 	 0.2574036 
9 	 -2.207469 	 0.3112917 	 0.410633 	 24.19223 	 0.0993413 
10 	 2.186023 	 0.3112899 	 0.410631 	 24.19231 	 0.09934113 
11 	 -1.873034 	 0.9353926 	 1.192796 	 21.57984 	 0.2574034 
12 	 -1.986027 	 0.787366 	 1.010154 	 22.05485 	 0.222788 
13 	 -2.154052 	 0.4745926 	 0.617181 	 23.10317 	 0.1425884 
14 	 2.132607 	 0.474591 	 0.61718 	 23.10331 	 0.142589 
15 	 1.964582 	 0.7873647 	 1.010152 	 22.05483 	 0.2227873 
16 	 1.410175 	 1.409836 	 1.664587 	 15.30414 	 0.2547508 
17 	 0.63945 	 1.795664 	 2.063674 	 12.98705 	 0.2680103 
18 	 0.208814 	 1.876103 	 2.146656 	 12.60349 	 0.2705535 
19 	 -0.230258 	 1.876103 	 2.146656 	 12.60348 	 0.2705533 
20 	 -0.660894 	 1.795664 	 2.063674 	 12.98703 	 0.2680099 
21 	 -1.43162 	 1.409837 	 1.664588 	 15.30414 	 0.2547509 
----------------------------------------------------------------------------------------
ERROR RELATIVO PROMEDIO :  17.63414 
ERROR ABSOLUTO PROMEDIO :  0.2356097 


Altura :  2.009147
----------------------------------------------------------------------------------------
# dato	X Evaluado	Y Obtenido	Y Real		Error Relativo	Error Absoulto
----------------------------------------------------------------------------------------
1 	 -1.665021 	 1.328294 	 1.614509 	 17.72767 	 0.2862149 
2 	 -1.310924 	 1.60821 	 1.90069 	 15.38807 	 0.2924795 
3 	 -0.906937 	 1.81928 	 2.113342 	 13.91453 	 0.2940615 
4 	 -0.012715 	 2.001004 	 2.288509 	 12.56299 	 0.2875051 
5 	 0.881506 	 1.81928 	 2.113342 	 13.91455 	 0.2940621 
6 	 1.285493 	 1.60821 	 1.90069 	 15.38811 	 0.2924803 
7 	 1.63959 	 1.328293 	 1.614508 	 17.72768 	 0.2862149 
8 	 1.93019 	 0.9928036 	 1.265795 	 21.56679 	 0.2729914 
9 	 -2.304529 	 0.33091 	 0.436267 	 24.14967 	 0.105357 
10 	 2.279097 	 0.3309081 	 0.436265 	 24.14974 	 0.1053569 
11 	 -1.955621 	 0.9928048 	 1.265796 	 21.56676 	 0.2729912 
12 	 -2.073504 	 0.8358141 	 1.072094 	 22.0391 	 0.2362799 
13 	 -2.248802 	 0.5041 	 0.655324 	 23.07622 	 0.151224 
14 	 2.22337 	 0.5040983 	 0.655322 	 23.07624 	 0.1512237 
15 	 2.048073 	 0.8358128 	 1.072092 	 22.03908 	 0.2362792 
16 	 1.469674 	 1.49598 	 1.766158 	 15.29751 	 0.2701783 
17 	 0.665594 	 1.905172 	 2.189412 	 12.98248 	 0.28424 
18 	 0.216322 	 1.990482 	 2.277419 	 12.59922 	 0.286937 
19 	 -0.241752 	 1.990482 	 2.277419 	 12.59921 	 0.2869369 
20 	 -0.691025 	 1.905172 	 2.189413 	 12.9825 	 0.2842406 
21 	 -1.495105 	 1.495981 	 1.766159 	 15.29751 	 0.2701784 
----------------------------------------------------------------------------------------
ERROR RELATIVO PROMEDIO :  17.62122 
ERROR ABSOLUTO PROMEDIO :  0.2498777 


Altura :  2.511432
----------------------------------------------------------------------------------------
# dato	X Evaluado	Y Obtenido	Y Real		Error Relativo	Error Absoulto
----------------------------------------------------------------------------------------
1 	 -1.234947 	 1.534698 	 1.813914 	 15.39299 	 0.2792156 
2 	 -0.855224 	 1.736196 	 2.016922 	 13.91854 	 0.2807261 
3 	 -0.014708 	 1.909678 	 2.184144 	 12.56631 	 0.2744663 
4 	 0.825806 	 1.736195 	 2.016921 	 13.91855 	 0.2807261 
5 	 1.20553 	 1.534697 	 1.813913 	 15.39303 	 0.2792162 
6 	 1.53836 	 1.267475 	 1.54071 	 17.73437 	 0.2732352 
7 	 1.811505 	 0.9472004 	 1.20781 	 21.57703 	 0.2606096 
8 	 -2.168865 	 0.315327 	 0.415905 	 24.18293 	 0.100578 
9 	 2.139444 	 0.3153248 	 0.415903 	 24.18308 	 0.1005782 
10 	 -1.840924 	 0.9472028 	 1.207813 	 21.57703 	 0.2606102 
11 	 -1.567778 	 1.267477 	 1.540712 	 17.73434 	 0.2732352 
12 	 -1.951725 	 0.7973321 	 1.022895 	 22.05142 	 0.2255629 
13 	 -2.116488 	 0.4806622 	 0.625026 	 23.09725 	 0.1443638 
14 	 2.087066 	 0.4806599 	 0.625024 	 23.09738 	 0.1443641 
15 	 1.922305 	 0.7973296 	 1.022892 	 22.05143 	 0.2255624 
16 	 1.378649 	 1.427557 	 1.685482 	 15.30277 	 0.2579254 
17 	 0.622862 	 1.818192 	 2.089541 	 12.98607 	 0.2713493 
18 	 0.200573 	 1.899633 	 2.173557 	 12.60257 	 0.273924 
19 	 -0.22999 	 1.899633 	 2.173557 	 12.60256 	 0.2739238 
20 	 -0.652279 	 1.818192 	 2.089542 	 12.98608 	 0.2713495 
21 	 -1.408067 	 1.427558 	 1.685483 	 15.30271 	 0.2579246 
----------------------------------------------------------------------------------------
ERROR RELATIVO PROMEDIO :  17.63135 
ERROR ABSOLUTO PROMEDIO :  0.2385451 


Altura :  3.013716
----------------------------------------------------------------------------------------
# dato	X Evaluado	Y Obtenido	Y Real		Error Relativo	Error Absoulto
----------------------------------------------------------------------------------------
1 	 -1.344806 	 1.094398 	 1.330695 	 17.75741 	 0.236297 
2 	 -1.060187 	 1.325494 	 1.566963 	 15.41003 	 0.2414694 
3 	 -0.735467 	 1.49975 	 1.742525 	 13.93234 	 0.2427745 
4 	 -0.016702 	 1.649778 	 1.887139 	 12.5778 	 0.2373606 
5 	 0.702063 	 1.499747 	 1.742524 	 13.93251 	 0.2427773 
6 	 1.026783 	 1.325488 	 1.566961 	 15.41028 	 0.2414731 
7 	 1.311401 	 1.094391 	 1.330686 	 17.75739 	 0.2362951 
8 	 1.544967 	 0.8174153 	 1.042784 	 21.61221 	 0.2253687 
9 	 -1.858735 	 0.2709757 	 0.357952 	 24.29832 	 0.08697633 
10 	 1.825308 	 0.2709731 	 0.35795 	 24.29861 	 0.08697687 
11 	 -1.57838 	 0.8174227 	 1.042798 	 21.61256 	 0.2253753 
12 	 -1.673118 	 0.6878137 	 0.882877 	 22.09406 	 0.1950633 
13 	 -1.813969 	 0.413957 	 0.538799 	 23.17042 	 0.124842 
14 	 1.780535 	 0.4139525 	 0.538793 	 23.17039 	 0.1248405 
15 	 1.639694 	 0.6878068 	 0.882865 	 22.09377 	 0.1950582 
16 	 1.174825 	 1.232832 	 1.45589 	 15.32111 	 0.2230585 
17 	 0.528515 	 1.570659 	 1.805327 	 12.99864 	 0.2346679 
18 	 0.167395 	 1.641091 	 1.877984 	 12.6142 	 0.2368927 
19 	 -0.200799 	 1.641092 	 1.877984 	 12.61416 	 0.2368918 
20 	 -0.561919 	 1.570662 	 1.805327 	 12.99849 	 0.2346652 
21 	 -1.208229 	 1.232838 	 1.455896 	 15.32102 	 0.2230581 
----------------------------------------------------------------------------------------
ERROR RELATIVO PROMEDIO :  17.66646 
ERROR ABSOLUTO PROMEDIO :  0.2062944 


Altura :  3.495073
----------------------------------------------------------------------------------------
# dato	X Evaluado	Y Obtenido	Y Real		Error Relativo	Error Absoulto
----------------------------------------------------------------------------------------
1 	 -1.064624 	 0.8603112 	 1.046657 	 17.8039 	 0.1863458 
2 	 -0.840459 	 1.04255 	 1.232974 	 15.44431 	 0.1904243 
3 	 -0.58471 	 1.179966 	 1.371416 	 13.96002 	 0.1914499 
4 	 -0.018612 	 1.298274 	 1.485454 	 12.60085 	 0.1871799 
5 	 0.547485 	 1.179956 	 1.371416 	 13.96074 	 0.1914599 
6 	 0.803234 	 1.042535 	 1.232969 	 15.44518 	 0.1904342 
7 	 1.027398 	 0.8602927 	 1.046631 	 17.80363 	 0.1863383 
8 	 1.211321 	 0.641875 	 0.819576 	 21.68206 	 0.177701 
9 	 -1.469173 	 0.210986 	 0.279565 	 24.53062 	 0.06857904 
10 	 1.43188 	 0.2109815 	 0.27956 	 24.53088 	 0.06857852 
11 	 -1.248571 	 0.6418938 	 0.819616 	 21.68359 	 0.1777222 
12 	 -0.957057 	 0.9694828 	 1.145389 	 15.35777 	 0.1759062 
13 	 -0.448024 	 1.235886 	 1.42094 	 13.02338 	 0.1850544 
14 	 -0.163607 	 1.291425 	 1.478234 	 12.6373 	 0.1868089 
15 	 0.126383 	 1.291423 	 1.478234 	 12.63746 	 0.1868112 
16 	 0.4108 	 1.235878 	 1.420939 	 13.02382 	 0.1850606 
17 	 0.919832 	 0.969466 	 1.145374 	 15.35812 	 0.175908 
18 	 1.28587 	 0.5396703 	 0.693465 	 22.17772 	 0.1537947 
19 	 1.396661 	 0.3237238 	 0.422154 	 23.31619 	 0.09843025 
20 	 -1.433975 	 0.3237339 	 0.422168 	 23.31634 	 0.09843413 
21 	 -1.323152 	 0.5396875 	 0.6935 	 22.17917 	 0.1538125 
----------------------------------------------------------------------------------------
ERROR RELATIVO PROMEDIO :  17.73681 
ERROR ABSOLUTO PROMEDIO :  0.1626778 


Altura :  3.850857
----------------------------------------------------------------------------------------
# dato	X Evaluado	Y Obtenido	Y Real		Error Relativo	Error Absoulto
----------------------------------------------------------------------------------------
1 	 -1.148935 	 0.1601898 	 0.213188 	 24.85982 	 0.05299816 
2 	 -0.977457 	 0.4932672 	 0.630639 	 21.78296 	 0.1373718 
3 	 -0.834284 	 0.6621027 	 0.806154 	 17.86895 	 0.1440513 
4 	 -0.659784 	 0.8029734 	 0.950177 	 15.49223 	 0.1472036 
5 	 -0.460698 	 0.9091967 	 1.05719 	 13.99875 	 0.1479933 
6 	 -0.020024 	 1.000647 	 1.145338 	 12.63305 	 0.1446912 
7 	 0.42065 	 0.9091804 	 1.05719 	 14.00029 	 0.1480096 
8 	 0.619735 	 0.8029492 	 0.95017 	 15.49416 	 0.1472208 
9 	 0.794232 	 0.6620726 	 0.806111 	 17.8683 	 0.1440384 
10 	 0.937365 	 0.4932367 	 0.630574 	 21.77973 	 0.1373373 
11 	 1.108774 	 0.1601819 	 0.213183 	 24.86177 	 0.05300108 
12 	 -1.121607 	 0.2473378 	 0.323409 	 23.52167 	 0.07607121 
13 	 -1.035473 	 0.4142632 	 0.533147 	 22.29851 	 0.1188838 
14 	 -0.750549 	 0.7464925 	 0.882475 	 15.40922 	 0.1359825 
15 	 -0.354296 	 0.9524223 	 1.09547 	 13.05811 	 0.1430477 
16 	 -0.132894 	 0.9953535 	 1.139757 	 12.66967 	 0.1444035 
17 	 0.092846 	 0.9953497 	 1.139757 	 12.67 	 0.1444073 
18 	 0.314248 	 0.9524107 	 1.09547 	 13.05917 	 0.1430593 
19 	 0.7105 	 0.7464653 	 0.882452 	 15.41009 	 0.1359867 
20 	 0.995329 	 0.4142353 	 0.533088 	 22.29515 	 0.1188527 
21 	 1.081411 	 0.2473211 	 0.323388 	 23.52188 	 0.07606693 
----------------------------------------------------------------------------------------
ERROR RELATIVO PROMEDIO :  17.83588 
ERROR ABSOLUTO PROMEDIO :  0.1257466 


Altura :  4.017666
----------------------------------------------------------------------------------------
# dato	X Evaluado	Y Obtenido	Y Real		Error Relativo	Error Absoulto
----------------------------------------------------------------------------------------
1 	 0.537679 	 0.6945453 	 0.822212 	 15.52722 	 0.1276667 
2 	 0.689787 	 0.5723859 	 0.697285 	 17.9122 	 0.1248991 
3 	 0.814536 	 0.4259845 	 0.545059 	 21.84616 	 0.1190745 
4 	 -1.003939 	 0.137207 	 0.183157 	 25.08778 	 0.04595002 
5 	 0.963804 	 0.1371987 	 0.18315 	 25.08943 	 0.0459513 
6 	 -0.854585 	 0.4260196 	 0.545135 	 21.85063 	 0.1191154 
7 	 -0.72979 	 0.5724206 	 0.697334 	 17.91299 	 0.1249134 
8 	 -0.577679 	 0.6945733 	 0.822221 	 15.52475 	 0.1276477 
9 	 -0.404136 	 0.7866823 	 0.915012 	 14.02492 	 0.1283297 
10 	 -0.019999 	 0.8659801 	 0.991446 	 12.65484 	 0.1254659 
11 	 0.364136 	 0.7866635 	 0.915012 	 14.02697 	 0.1283485 
12 	 0.616799 	 0.6455658 	 0.763488 	 15.44519 	 0.1179222 
13 	 0.865027 	 0.3574819 	 0.460527 	 22.37546 	 0.1030451 
14 	 0.93998 	 0.2127534 	 0.278702 	 23.66278 	 0.06594863 
15 	 -0.980153 	 0.2127721 	 0.278727 	 23.66289 	 0.06595486 
16 	 -0.905136 	 0.357514 	 0.460594 	 22.37979 	 0.10308 
17 	 -0.656798 	 0.6455972 	 0.763515 	 15.44408 	 0.1179178 
18 	 -0.311385 	 0.8241643 	 0.948205 	 13.08163 	 0.1240407 
19 	 -0.118388 	 0.8613906 	 0.986607 	 12.69162 	 0.1252164 
20 	 0.078389 	 0.8613863 	 0.986607 	 12.69206 	 0.1252207 
21 	 0.271386 	 0.8241509 	 0.948205 	 13.08304 	 0.1240541 
----------------------------------------------------------------------------------------
ERROR RELATIVO PROMEDIO :  17.90364 
ERROR ABSOLUTO PROMEDIO :  0.1090363 


Altura :  4.18077
----------------------------------------------------------------------------------------
# dato	X Evaluado	Y Obtenido	Y Real		Error Relativo	Error Absoulto
----------------------------------------------------------------------------------------
1 	 -0.778476 	 0.4569048 	 0.496429 	 7.961701 	 0.03952419 
2 	 -0.664438 	 0.5767966 	 0.635336 	 9.213927 	 0.0585394 
3 	 -0.366859 	 0.756185 	 0.834006 	 9.330992 	 0.07782103 
4 	 -0.194788 	 0.8048269 	 0.886156 	 9.177737 	 0.08132907 
5 	 0.163107 	 0.7993778 	 0.886156 	 9.792654 	 0.08677819 
6 	 0.335178 	 0.7458404 	 0.834006 	 10.57134 	 0.08816565 
7 	 0.632754 	 0.5446483 	 0.635293 	 14.26818 	 0.09064475 
8 	 0.746751 	 0.4023603 	 0.496363 	 18.93831 	 0.09400274 
9 	 0.883178 	 0.1240849 	 0.166054 	 25.27436 	 0.04196908 
10 	 -0.824676 	 0.3991939 	 0.419271 	 4.788563 	 0.02007706 
11 	 -0.597739 	 0.6353793 	 0.695737 	 8.675363 	 0.06035771 
12 	 -0.44823 	 0.7193091 	 0.79555 	 9.583415 	 0.07624086 
13 	 -0.105747 	 0.8163514 	 0.899349 	 9.228634 	 0.08299763 
14 	 0.074066 	 0.813592 	 0.899349 	 9.535448 	 0.08575696 
15 	 0.416549 	 0.7068939 	 0.795549 	 11.14389 	 0.08865509 
16 	 0.566058 	 0.6059616 	 0.695714 	 12.90076 	 0.08975237 
17 	 0.792896 	 0.3428516 	 0.419212 	 18.21522 	 0.0763604 
18 	 0.861403 	 0.1926918 	 0.253264 	 23.91661 	 0.06057218 
----------------------------------------------------------------------------------------
ERROR RELATIVO PROMEDIO :  12.36206 
ERROR ABSOLUTO PROMEDIO :  0.07219691 


Altura :  4.526049
----------------------------------------------------------------------------------------
# dato	X Evaluado	Y Obtenido	Y Real		Error Relativo	Error Absoulto
----------------------------------------------------------------------------------------
1 	 0.28961 	 0.6178124 	 0.701235 	 11.89652 	 0.08342257 
2 	 0.423828 	 0.5438143 	 0.629822 	 13.65588 	 0.08600773 
3 	 0.638585 	 0.3518335 	 0.416565 	 15.53935 	 0.0647315 
4 	 0.710352 	 0.2311943 	 0.282969 	 18.29696 	 0.05177473 
5 	 -0.77291 	 0.1026603 	 0.138021 	 25.61978 	 0.03536068 
6 	 -0.65484 	 0.3420003 	 0.416532 	 17.89339 	 0.07453171 
7 	 -0.556291 	 0.4525614 	 0.533664 	 15.19731 	 0.08110257 
8 	 -0.436992 	 0.5441673 	 0.629804 	 13.59736 	 0.08563674 
9 	 -0.302037 	 0.6127743 	 0.701231 	 12.61449 	 0.08845673 
10 	 -0.005537 	 0.6719705 	 0.760055 	 11.58923 	 0.08808448 
11 	 0.145241 	 0.6575925 	 0.745207 	 11.75707 	 0.08761448 
12 	 -0.081415 	 0.6682624 	 0.756331 	 11.64418 	 0.08806856 
13 	 -0.230316 	 0.640574 	 0.726778 	 11.86112 	 0.08620404 
14 	 -0.498924 	 0.4944068 	 0.58461 	 15.42963 	 0.09020315 
15 	 -0.694898 	 0.2721963 	 0.351485 	 22.55819 	 0.07928866 
16 	 -0.754309 	 0.1608051 	 0.211558 	 23.99007 	 0.05075292 
17 	 0.735106 	 0.1752614 	 0.211298 	 17.05486 	 0.03603659 
18 	 0.593106 	 0.413904 	 0.477487 	 13.31617 	 0.063583 
19 	 0.485195 	 0.5089159 	 0.584636 	 12.95166 	 0.07572009 
20 	 0.218458 	 0.6378578 	 0.726779 	 12.23498 	 0.08892123 
----------------------------------------------------------------------------------------
ERROR RELATIVO PROMEDIO :  15.43491 
ERROR ABSOLUTO PROMEDIO :  0.07427511 


Altura :  4.993195
----------------------------------------------------------------------------------------
# dato	X Evaluado	Y Obtenido	Y Real		Error Relativo	Error Absoulto
----------------------------------------------------------------------------------------
1 	 0.140714 	 0.5833163 	 0.660638 	 11.70409 	 0.07732167 
2 	 0.263018 	 0.548946 	 0.621572 	 11.68424 	 0.07262598 
3 	 0.385075 	 0.4950587 	 0.558131 	 11.30062 	 0.06307229 
4 	 0.584745 	 0.3316973 	 0.368697 	 10.03525 	 0.03699967 
5 	 0.651526 	 0.232961 	 0.250004 	 6.817108 	 0.01704304 
6 	 -0.733056 	 0.08966798 	 0.121049 	 25.92423 	 0.03138102 
7 	 -0.609162 	 0.3021407 	 0.368126 	 17.92464 	 0.06598528 
8 	 -0.505206 	 0.4003793 	 0.472295 	 15.22685 	 0.07191566 
9 	 -0.384979 	 0.4818165 	 0.557949 	 13.64507 	 0.07613254 
10 	 -0.257033 	 0.549735 	 0.621541 	 11.55289 	 0.07180596 
11 	 0.008405 	 0.5956966 	 0.673829 	 11.59529 	 0.0781324 
12 	 0.662683 	 0.2089367 	 0.109714 	 90.43761 	 0.09922272 
13 	 -0.059067 	 0.5922929 	 0.67052 	 11.66663 	 0.07822707 
14 	 -0.191897 	 0.5675819 	 0.644259 	 11.90159 	 0.07667708 
15 	 -0.446553 	 0.4492303 	 0.517677 	 13.2219 	 0.06844674 
16 	 -0.652222 	 0.2401458 	 0.310397 	 22.6327 	 0.07025123 
17 	 -0.715126 	 0.1242137 	 0.186288 	 33.32171 	 0.06207434 
18 	 0.54245 	 0.3679433 	 0.422816 	 12.97793 	 0.05487275 
19 	 0.442125 	 0.4568046 	 0.517992 	 11.81243 	 0.06118743 
20 	 0.202441 	 0.5711575 	 0.644266 	 11.34756 	 0.07310846 
----------------------------------------------------------------------------------------
ERROR RELATIVO PROMEDIO :  18.33652 
ERROR ABSOLUTO PROMEDIO :  0.06532417 


Altura :  5.480656
----------------------------------------------------------------------------------------
# dato	X Evaluado	Y Obtenido	Y Real		Error Relativo	Error Absoulto
----------------------------------------------------------------------------------------
1 	 0.169722 	 0.6659091 	 0.754604 	 11.75383 	 0.08869487 
2 	 0.295467 	 0.6330409 	 0.710086 	 10.85011 	 0.07704514 
3 	 0.440545 	 0.5621624 	 0.637792 	 11.85804 	 0.07562961 
4 	 0.687386 	 0.3591568 	 0.421924 	 14.87642 	 0.06276719 
5 	 0.769919 	 0.2398199 	 0.286657 	 16.33907 	 0.0468371 
6 	 -0.953147 	 0.08376968 	 0.139328 	 39.87592 	 0.05555832 
7 	 -0.770268 	 0.345422 	 0.420102 	 17.77663 	 0.07467999 
8 	 -0.615408 	 0.4719617 	 0.539064 	 12.44793 	 0.06710231 
9 	 -0.446858 	 0.5617899 	 0.637218 	 11.83709 	 0.07542807 
10 	 -0.283378 	 0.6352284 	 0.709989 	 10.52983 	 0.07476064 
11 	 0.022959 	 0.6803267 	 0.769636 	 11.6041 	 0.08930934 
12 	 0.23248 	 0.6517615 	 0.735947 	 11.43907 	 0.08418547 
13 	 0.511072 	 0.5162211 	 0.592055 	 12.80858 	 0.07583386 
14 	 0.6351 	 0.421035 	 0.483598 	 12.93699 	 0.06256303 
15 	 0.798804 	 0.1850144 	 0.215066 	 13.97321 	 0.03005163 
16 	 -0.929749 	 0.1429255 	 0.213459 	 33.04312 	 0.07053352 
17 	 -0.83588 	 0.2748174 	 0.354439 	 22.46412 	 0.0796216 
18 	 -0.531526 	 0.5259966 	 0.591057 	 11.00747 	 0.06506043 
19 	 -0.206146 	 0.6539746 	 0.735924 	 11.13559 	 0.08194945 
20 	 -0.053896 	 0.6782828 	 0.765865 	 11.43572 	 0.08758221 
----------------------------------------------------------------------------------------
ERROR RELATIVO PROMEDIO :  15.49964 
ERROR ABSOLUTO PROMEDIO :  0.07125969 


Altura :  5.968112
----------------------------------------------------------------------------------------
# dato	X Evaluado	Y Obtenido	Y Real		Error Relativo	Error Absoulto
----------------------------------------------------------------------------------------
1 	 -1.335174 	 0.084093 	 0.179879 	 53.25024 	 0.095786 
2 	 -1.060568 	 0.4411482 	 0.5355 	 17.61939 	 0.09435181 
3 	 -0.826794 	 0.6014294 	 0.686781 	 12.42778 	 0.08535162 
4 	 -0.580619 	 0.7284043 	 0.811942 	 10.28863 	 0.08353773 
5 	 -0.355087 	 0.8058507 	 0.904631 	 10.9194 	 0.09878028 
6 	 0.037515 	 0.8552555 	 0.980411 	 12.76561 	 0.1251555 
7 	 0.365167 	 0.7977682 	 0.904817 	 11.83099 	 0.1070488 
8 	 0.555365 	 0.7160443 	 0.813045 	 11.93055 	 0.09700071 
9 	 0.738262 	 0.5848598 	 0.68953 	 15.17993 	 0.1046702 
10 	 0.88831 	 0.4430988 	 0.539001 	 17.79259 	 0.09590225 
11 	 1.067851 	 0.1355586 	 0.181003 	 25.10701 	 0.04544443 
12 	 -1.302491 	 0.1596681 	 0.273762 	 41.67632 	 0.1140939 
13 	 -1.16075 	 0.351622 	 0.452269 	 22.25378 	 0.100647 
14 	 -0.7029 	 0.6696455 	 0.753067 	 11.07756 	 0.08342146 
15 	 -0.254022 	 0.8284405 	 0.937602 	 11.64263 	 0.1091615 
16 	 -0.059956 	 0.8551497 	 0.975624 	 12.34843 	 0.1204743 
17 	 0.133435 	 0.8485341 	 0.975625 	 13.02661 	 0.1270909 
18 	 0.291452 	 0.8148576 	 0.937645 	 13.0953 	 0.1227874 
19 	 0.650498 	 0.6550792 	 0.754984 	 13.2327 	 0.09990478 
20 	 0.949087 	 0.3534434 	 0.455389 	 22.38648 	 0.1019456 
21 	 1.039263 	 0.2102928 	 0.275521 	 23.67451 	 0.06522824 
----------------------------------------------------------------------------------------
ERROR RELATIVO PROMEDIO :  18.26316 
ERROR ABSOLUTO PROMEDIO :  0.09894211 