-0.005408 0.167437 -1.100279
-0.221241 0.167437 -1.079381
-0.428781 0.167437 -1.017490
-0.620050 0.167437 -0.916984
-0.787699 0.167437 -0.781726
-0.925285 0.167437 -0.616914
-1.027520 0.167437 -0.428881
-1.090477 0.167437 -0.224853
-1.111735 0.167437 -0.012671
-1.090477 0.167437 0.199510
-1.027520 0.167437 0.403538
-0.925285 0.167437 0.591571
-0.787699 0.167437 0.756383
-0.620050 0.167437 0.891642
-0.428780 0.167437 0.992147
-0.221241 0.167437 1.054038
-0.005407 0.167437 1.074936
0.210426 0.167437 1.054038
0.417966 0.167437 0.992147
0.609235 0.167437 0.891641
0.776884 0.167437 0.756383
0.914470 0.167437 0.591571
1.016705 0.167437 0.403537
1.079661 0.167437 0.199510
1.100919 0.167437 -0.012672
1.079661 0.167437 -0.224854
1.016704 0.167437 -0.428882
0.914469 0.167437 -0.616915
0.776882 0.167437 -0.781727
0.609233 0.167437 -0.916985
0.417964 0.167437 -1.017490
0.210425 0.167437 -1.079381
-0.124497 0.000008 -0.614714
-0.004743 0.000008 -0.626508
-0.239649 0.000008 -0.579783
-0.345773 0.000008 -0.523058
-0.438792 0.000008 -0.446720
-0.515130 0.000008 -0.353701
-0.571855 0.000008 -0.247577
-0.606786 0.000008 -0.132425
-0.618580 0.000008 -0.012671
-0.606786 0.000008 0.107082
-0.571855 0.000008 0.222234
-0.515130 0.000008 0.328358
-0.438792 0.000008 0.421377
-0.345773 0.000008 0.497716
-0.239649 0.000008 0.554440
-0.124497 0.000008 0.589371
-0.004743 0.000008 0.601166
0.115011 0.000008 0.589371
0.230162 0.000008 0.554440
0.336287 0.000008 0.497715
0.429305 0.000008 0.421377
0.505644 0.000008 0.328358
0.562368 0.000008 0.222234
0.597299 0.000008 0.107082
0.609094 0.000008 -0.012672
0.597299 0.000008 -0.132426
0.562368 0.000008 -0.247577
0.505643 0.000008 -0.353702
0.429304 0.000008 -0.446720
0.336286 0.000008 -0.523059
0.230161 0.000008 -0.579783
0.115010 0.000008 -0.614714
-0.020025 3.850857 -1.170679
-0.244678 3.850857 -1.148428
-0.460698 3.850857 -1.082531
-0.659784 3.850857 -0.975519
-0.834284 3.850857 -0.831495
-0.977457 3.850857 -0.655981
-1.083678 3.850857 -0.455750
-1.148936 3.850857 -0.238532
-1.170915 3.850857 -0.012671
-1.148935 3.850857 0.213188
-1.083678 3.850857 0.430408
-0.977457 3.850857 0.630639
-0.834284 3.850857 0.806154
-0.659784 3.850857 0.950177
-0.460698 3.850857 1.057190
-0.244678 3.850857 1.123087
-0.020024 3.850857 1.145338
0.204630 3.850857 1.123087
0.420650 3.850857 1.057190
0.619735 3.850857 0.950170
0.794232 3.850857 0.806111
0.937365 3.850857 0.630574
1.043488 3.850857 0.430367
1.108774 3.850857 0.213183
1.130848 3.850857 -0.012672
1.108773 3.850857 -0.238526
1.043487 3.850857 -0.455710
0.937364 3.850857 -0.655917
0.794230 3.850857 -0.831454
0.619734 3.850857 -0.975512
0.420648 3.850857 -1.082532
0.204628 3.850857 -1.148429
-1.665021 2.009147 1.614509
-1.310924 2.009147 1.900690
2.146123 2.009147 -0.893296
1.930187 2.009147 -1.291140
-0.906937 2.009147 2.113342
-0.012717 2.009147 -2.313850
-0.468586 2.009147 -2.269634
1.639587 2.009147 -1.639852
-0.468585 2.009147 2.244292
-0.906937 2.009147 -2.138683
1.285489 2.009147 -1.926033
-0.012715 2.009147 2.288509
-1.310924 2.009147 -1.926031
0.881502 2.009147 -2.138685
0.443155 2.009147 2.244292
-1.665021 2.009147 -1.639850
0.443151 2.009147 -2.269634
0.881506 2.009147 2.113342
-1.955621 2.009147 -1.291137
1.285493 2.009147 1.900690
-2.171557 2.009147 -0.893294
1.639590 2.009147 1.614508
-2.304529 2.009147 -0.461608
1.930190 2.009147 1.265795
-2.349429 2.009147 -0.012671
2.146125 2.009147 0.867951
-2.304529 2.009147 0.436267
2.279097 2.009147 0.436265
-2.171557 2.009147 0.867952
2.323996 2.009147 -0.012673
-1.955621 2.009147 1.265796
2.279096 2.009147 -0.461611
-1.087295 1.004578 1.534329
1.605456 1.004578 -1.046345
-0.751658 1.004578 1.706263
-0.387471 1.004578 -1.837481
1.364022 1.004578 -1.328288
-0.387471 1.004578 1.812140
-0.751658 1.004578 -1.731605
1.069833 1.004578 -1.559672
-0.008729 1.004578 1.847890
-1.087295 1.004578 -1.559670
0.734196 1.004578 -1.731606
0.370013 1.004578 1.812140
-1.381483 1.004578 -1.328286
0.370010 1.004578 -1.837482
0.734200 1.004578 1.706263
-1.622917 1.004578 -1.046343
1.069836 1.004578 1.534328
-1.802318 1.004578 -0.724677
1.364025 1.004578 1.302943
-1.912793 1.004578 -0.375648
1.605458 1.004578 1.021000
-1.950096 1.004578 -0.012671
1.784859 1.004578 0.699334
-1.912793 1.004578 0.350306
1.895334 1.004578 0.350305
-1.802318 1.004578 0.699335
1.932636 1.004578 -0.012673
-1.622917 1.004578 1.021001
1.895333 1.004578 -0.375650
-1.381483 1.004578 1.302944
1.784858 1.004578 -0.724678
-0.008730 1.004578 -1.873232
-1.344806 3.013716 1.330695
1.718474 3.013716 -0.739676
-0.016703 3.013716 -1.912480
-1.060187 3.013716 1.566963
1.544965 3.013716 -1.068128
-0.735467 3.013716 1.742525
-0.383125 3.013716 -1.875975
1.311399 3.013716 -1.356030
-0.383125 3.013716 1.850635
-0.735467 3.013716 -1.767865
1.026780 3.013716 -1.592304
-0.016702 3.013716 1.887139
-1.060187 3.013716 -1.592304
0.702060 3.013716 -1.767867
0.349721 3.013716 1.850635
-1.344806 3.013716 -1.356036
0.349718 3.013716 -1.875976
0.702063 3.013716 1.742524
-1.578380 3.013716 -1.068139
1.026783 3.013716 1.566961
-1.751908 3.013716 -0.739682
1.311401 3.013716 1.330686
-1.858735 3.013716 -0.383294
1.544967 3.013716 1.042784
-1.894795 3.013716 -0.012671
1.718475 3.013716 0.714331
-1.858735 3.013716 0.357952
1.825308 3.013716 0.357950
-1.751908 3.013716 0.714341
1.861387 3.013716 -0.012672
-1.578380 3.013716 1.042798
1.825307 3.013716 -0.383295
-0.015841 4.180771 -0.929107
-0.194788 4.180771 -0.911498
-0.366859 4.180771 -0.859347
-0.525440 4.180771 -0.774658
-0.664438 4.180771 -0.660677
-0.778475 4.180771 -0.521770
-0.863047 4.180771 -0.363305
-0.914973 4.180771 -0.191404
-0.932463 4.180764 -0.012671
-0.915018 4.180745 0.166060
-0.863061 4.180763 0.337962
-0.778476 4.180771 0.496429
-0.664438 4.180771 0.635336
-0.525440 4.180771 0.749317
-0.366859 4.180771 0.834006
-0.194788 4.180771 0.886156
-0.015840 4.180771 0.903765
0.163107 4.180771 0.886156
0.335178 4.180771 0.834006
0.493760 4.180771 0.749309
0.632754 4.180771 0.635293
0.746751 4.180771 0.496363
0.831225 4.180771 0.337921
0.883178 4.180771 0.166054
0.900751 4.180771 -0.012672
0.883178 4.180771 -0.191397
0.831224 4.180771 -0.363264
0.746751 4.180771 -0.521706
0.632752 4.180771 -0.660636
0.493758 4.180771 -0.774652
0.335177 4.180771 -0.859348
0.163106 4.180771 -0.911498
0.019047 5.968113 -1.005752
-0.156326 5.968113 -0.986670
-0.342718 5.968113 -0.930158
-0.515157 5.967915 -0.838370
-0.677390 5.964402 -0.714668
-0.854066 5.948272 -0.563462
-1.039141 5.919456 -0.390985
-1.204037 5.885801 -0.205075
-1.315170 5.857873 -0.012612
-1.335174 5.846592 0.179879
-1.243037 5.857873 0.364833
-1.060568 5.885801 0.535500
-0.826794 5.919456 0.686781
-0.580619 5.948271 0.811942
-0.355087 5.964401 0.904631
-0.156985 5.967915 0.961321
0.037515 5.968113 0.980411
0.219602 5.968113 0.961329
0.365167 5.968113 0.904817
0.555365 5.968113 0.813045
0.738262 5.968113 0.689530
0.888310 5.968113 0.539001
0.999565 5.968113 0.367280
1.067851 5.968112 0.181003
1.090829 5.968113 -0.012671
1.067851 5.968112 -0.206346
0.999564 5.968113 -0.392622
0.888309 5.968113 -0.564344
0.738261 5.968113 -0.714872
0.555363 5.968113 -0.838387
0.346697 5.968113 -0.930159
0.145731 5.968113 -0.986670
0.140714 4.993198 0.660638
0.263018 4.993198 0.621572
-0.480306 4.992580 -0.498061
-0.574741 4.989892 -0.393904
0.128402 4.993198 -0.685979
0.005327 4.993198 -0.699170
0.385075 4.993198 0.558131
-0.653845 4.985089 -0.275082
0.494756 4.993198 0.472744
-0.711016 4.979480 -0.146366
0.584745 4.993198 0.368697
-0.739601 4.974797 -0.012661
0.651526 4.993198 0.250004
-0.733056 4.972843 0.121049
0.736571 5.280966 0.047178
-0.687887 4.974792 0.249605
0.687344 5.188354 -0.012671
-0.609162 4.979479 0.368126
0.736570 5.280966 -0.072520
-0.505206 4.985089 0.472295
0.651526 4.993199 -0.275347
-0.384979 4.989892 0.557949
0.584744 4.993198 -0.394039
-0.257033 4.992580 0.621541
-0.125863 4.993198 -0.685979
0.494755 4.993198 -0.498087
-0.125973 4.993166 0.660637
-0.254971 4.993198 -0.646913
0.385074 4.993198 -0.583473
0.008405 4.993198 0.673829
-0.374068 4.993166 -0.583471
0.259939 4.993198 -0.646914
0.999977 5.746037 -0.012671
0.943448 5.653110 -0.078808
0.943448 5.653110 0.053466
0.662683 5.008266 0.109714
0.662683 5.008265 -0.135057
0.640574 4.863564 -0.012671
0.802245 5.384488 0.013241
0.780975 5.344816 -0.012671
0.802245 5.384488 -0.038583
0.915062 5.584065 -0.012671
0.891057 5.544203 -0.037838
0.891057 5.544203 0.012496
0.818976 5.402269 0.006543
0.803204 5.372851 -0.012671
0.818976 5.402269 -0.031886
0.902634 5.550262 -0.012671
0.884833 5.520702 -0.031334
0.884833 5.520702 0.005991
0.852583 5.383503 0.006543
0.836810 5.354085 -0.012671
0.852583 5.383503 -0.031886
0.936240 5.531495 -0.012671
0.918439 5.501936 -0.031334
0.918439 5.501936 0.005991
1.161435 5.360782 0.006543
1.145662 5.331365 -0.012671
1.161434 5.360782 -0.031886
1.245092 5.508775 -0.012671
1.227291 5.479216 -0.031334
1.227291 5.479215 0.005991
2.227404 5.373283 0.006412
2.208781 5.349506 -0.012861
2.227442 5.373076 -0.032013
2.325040 5.491596 -0.012475
2.304591 5.468014 -0.031207
2.304554 5.468216 0.006114
2.653945 5.207587 0.009438
2.626747 5.210489 -0.010068
2.653953 5.206605 -0.028973
2.792069 5.186725 -0.008141
2.764163 5.191152 -0.027149
2.764156 5.192106 0.010158
2.383709 4.637611 0.032657
2.364977 4.662613 0.013093
2.383025 4.636637 -0.005751
2.474104 4.505253 0.015405
2.456098 4.532043 -0.003672
2.456763 4.532989 0.033632
1.451663 4.053243 0.066453
1.311044 4.001038 0.053640
1.450886 4.052417 0.032014
1.371624 3.879752 0.055182
1.496553 3.961620 0.033529
1.497314 3.962429 0.067232
-0.057132 0.000008 -0.544584
-0.159897 0.000008 -0.524143
-0.256698 0.000008 -0.484046
-0.343818 0.000008 -0.425835
-0.417907 0.000008 -0.351746
-0.476118 0.000008 -0.264626
-0.516215 0.000008 -0.167824
-0.536656 0.000008 -0.065060
-0.536656 0.000008 0.039717
-0.516215 0.000008 0.142482
-0.476118 0.000008 0.239284
-0.417907 0.000008 0.326403
-0.343818 0.000008 0.400492
-0.256698 0.000008 0.458704
-0.159896 0.000008 0.498800
-0.057132 0.000008 0.519241
0.047646 0.000008 0.519241
0.150410 0.000008 0.498800
0.247212 0.000008 0.458703
0.334331 0.000008 0.400492
0.408420 0.000008 0.326403
0.466632 0.000008 0.239283
0.506728 0.000008 0.142481
0.527169 0.000008 0.039717
0.527169 0.000008 -0.065061
0.506728 0.000008 -0.167825
0.466631 0.000008 -0.264627
0.408420 0.000008 -0.351746
0.334331 0.000008 -0.425835
0.247211 0.000008 -0.484046
0.150409 0.000008 -0.524143
0.047645 0.000008 -0.544584
-0.113846 0.167437 -1.095037
-0.326556 0.167437 -1.053443
-0.526925 0.167437 -0.971852
-0.707251 0.167437 -0.853400
-0.860607 0.167437 -0.702639
-0.981097 0.167437 -0.525364
-1.064092 0.167437 -0.328386
-1.106403 0.167437 -0.119275
-1.106403 0.167437 0.093932
-1.064092 0.167437 0.303043
-0.981097 0.167437 0.500021
-0.860607 0.167437 0.677297
-0.707251 0.167437 0.828058
-0.526924 0.167437 0.946509
-0.326556 0.167437 1.028100
-0.113846 0.167437 1.069695
0.103031 0.167437 1.069695
0.315741 0.167437 1.028100
0.516110 0.167437 0.946509
0.696436 0.167437 0.828057
0.849792 0.167437 0.677296
0.970282 0.167437 0.500021
1.053277 0.167437 0.303043
1.095587 0.167437 0.093932
1.095587 0.167437 -0.119276
1.053276 0.167437 -0.328387
0.970281 0.167437 -0.525365
0.849790 0.167437 -0.702640
0.696435 0.167437 -0.853401
0.516108 0.167437 -0.971852
0.315739 0.167437 -1.053443
0.103030 0.167437 -1.095037
-0.164739 0.020937 -0.814311
-0.004827 0.020937 -0.830016
-0.318506 0.020937 -0.767799
-0.460219 0.020937 -0.692268
-0.584431 0.020937 -0.590621
-0.686369 0.020937 -0.466763
-0.762116 0.020937 -0.325455
-0.808761 0.020937 -0.172127
-0.824511 0.020937 -0.012671
-0.808761 0.020937 0.146785
-0.762116 0.020937 0.300113
-0.686369 0.020937 0.441421
-0.584431 0.020937 0.565279
-0.460219 0.020937 0.666926
-0.318506 0.020937 0.742457
-0.164739 0.020937 0.788968
-0.004826 0.020937 0.804673
0.155086 0.020937 0.788968
0.308854 0.020937 0.742456
0.450566 0.020937 0.666926
0.574778 0.020937 0.565278
0.676717 0.020937 0.441421
0.752464 0.020937 0.300112
0.799108 0.020937 0.146784
0.814858 0.020937 -0.012672
0.799108 0.020937 -0.172128
0.752463 0.020937 -0.325456
0.676716 0.020937 -0.466764
0.574777 0.020937 -0.590622
0.450565 0.020937 -0.692269
0.308852 0.020937 -0.767800
0.155085 0.020937 -0.814311
-0.132894 3.850857 -1.165099
-0.354297 3.850857 -1.120811
-0.562853 3.850857 -1.033939
-0.750549 3.850857 -0.907816
-0.910166 3.850857 -0.747274
-1.035473 3.850857 -0.558488
-1.121608 3.850857 -0.348753
-1.165408 3.850857 -0.126145
-1.165408 3.850857 0.100802
-1.121607 3.850857 0.323409
-1.035473 3.850857 0.533147
-0.910166 3.850857 0.721933
-0.750549 3.850857 0.882475
-0.562853 3.850857 1.008598
-0.354296 3.850857 1.095470
-0.132894 3.850857 1.139757
0.092846 3.850857 1.139757
0.314248 3.850857 1.095470
0.522804 3.850857 1.008596
0.710500 3.850857 0.882452
0.870104 3.850857 0.721874
0.995329 3.850857 0.533088
1.081411 3.850857 0.323388
1.125307 3.850857 0.100801
1.125306 3.850857 -0.126145
1.081410 3.850857 -0.348732
0.995328 3.850857 -0.558432
0.870103 3.850857 -0.747217
0.710498 3.850857 -0.907795
0.522802 3.850857 -1.033939
0.314246 3.850857 -1.120812
0.092845 3.850857 -1.165099
-1.064624 3.495072 1.046657
-0.849644 0.523222 1.203341
1.347846 3.495072 -0.585912
1.254556 0.523222 -0.825186
-0.587367 0.523222 1.338489
-0.018613 3.495072 -1.510795
-0.302780 0.523222 -1.447055
1.065891 0.523222 -1.046806
-0.302780 0.523222 1.421713
-0.587367 0.523222 -1.363831
0.836003 0.523222 -1.228684
-0.006819 0.523222 1.449814
-0.849644 0.523222 -1.228683
0.573726 0.523222 -1.363832
0.289142 0.523222 1.421713
-1.079532 0.523222 -1.046804
0.289139 0.523222 -1.447056
0.573729 0.523222 1.338489
-1.268196 0.523222 -0.825184
0.836006 0.523222 1.203341
-1.408386 0.523222 -0.572340
1.065893 0.523222 1.021462
-1.494714 0.523222 -0.297988
1.254557 0.523222 0.799841
-1.523864 0.523222 -0.012671
1.394747 0.523222 0.546997
-1.494714 0.523222 0.272646
1.481075 0.523222 0.272644
-1.408386 0.523222 0.546998
1.510225 0.523222 -0.012672
-1.268196 0.523222 0.799842
1.481075 0.523222 -0.297989
-1.594488 1.506862 1.521598
-1.234947 2.511432 1.813914
2.058565 1.506862 -0.843013
1.811503 2.511432 -1.233155
-0.855224 2.511432 2.016922
-0.010723 1.506862 -2.182454
-0.443200 2.511432 -2.167274
1.538357 2.511432 -1.566054
-0.443199 2.511432 2.141933
-0.855224 2.511432 -2.042262
1.205527 2.511432 -1.839257
-0.014708 2.511432 2.184144
-1.234947 2.511432 -1.839255
0.825803 2.511432 -2.042264
0.413782 2.511432 2.141932
-1.567778 2.511432 -1.566052
0.413779 2.511432 -2.167274
0.825806 2.511432 2.016921
-1.840924 2.511432 -1.233154
1.205530 2.511432 1.813913
-2.043885 2.511432 -0.853353
1.538360 2.511432 1.540710
-2.168865 2.511432 -0.441246
1.811505 2.511432 1.207810
-2.211064 2.511432 -0.012671
2.014464 2.511432 0.828009
-2.168865 2.511432 0.415905
2.139444 2.511432 0.415903
-2.043886 2.511432 0.828012
2.181645 2.511432 -0.012673
-1.840924 2.511432 1.207813
2.139443 2.511432 -0.441248
2.223368 2.009147 -0.680668
-1.819012 2.009147 1.447177
2.312735 2.009147 -0.238227
-2.073504 2.009147 1.072094
2.312736 2.009147 0.212881
-2.248802 2.009147 0.655324
2.223370 2.009147 0.655322
-2.338167 2.009147 0.212883
2.048073 2.009147 1.072092
-2.338167 2.009147 -0.238225
1.793581 2.009147 1.447176
-2.248802 2.009147 -0.680665
1.469674 2.009147 1.766158
-2.073504 2.009147 -1.097435
1.088799 2.009147 2.016780
0.216319 2.009147 -2.302761
-1.819012 2.009147 -1.472518
0.665594 2.009147 2.189412
0.665590 2.009147 -2.214755
-1.495105 2.009147 -1.791499
0.216322 2.009147 2.277419
1.088795 2.009147 -2.042124
-1.114230 2.009147 -2.042122
-0.241752 2.009147 2.277419
1.469670 2.009147 -1.791501
-0.691025 2.009147 -2.214753
-0.691025 2.009147 2.189413
1.793578 2.009147 -1.472520
-0.241753 2.009147 -2.302760
-1.114230 2.009147 2.016781
2.048071 2.009147 -1.097437
-1.495105 2.009147 1.766159
-1.255079 1.506862 1.791438
1.851586 1.506862 -1.218140
-0.867850 1.506862 1.991947
-0.447683 1.506862 -2.140761
1.573040 1.506862 -1.546941
-0.447682 1.506862 2.115420
-0.867850 1.506862 -2.017288
1.233631 1.506862 -1.816781
-0.010722 1.506862 2.157112
-1.255079 1.506862 -1.816779
0.846402 1.506862 -2.017290
0.426238 1.506862 2.115420
-1.594488 1.506862 -1.546939
0.426234 1.506862 -2.140762
0.846406 1.506862 1.991947
-1.873034 1.506862 -1.218137
1.233635 1.506862 1.791437
-2.080012 1.506862 -0.843011
1.573043 1.506862 1.521597
-2.207469 1.506862 -0.435974
1.851589 1.506862 1.192795
-2.250505 1.506862 -0.012671
2.058567 1.506862 0.817668
-2.207469 1.506862 0.410633
2.186023 1.506862 0.410631
-2.080012 1.506862 0.817669
2.229059 1.506862 -0.012673
-1.873034 1.506862 1.192796
2.186022 1.506862 -0.435977
-1.079532 0.523222 1.021462
1.394746 0.523222 -0.572342
-0.006820 0.523222 -1.475157
-1.240315 1.004578 1.425556
1.703395 1.004578 -0.889732
-0.923880 1.004578 1.628191
-0.199016 1.004578 -1.864265
1.491959 1.004578 -1.192995
-0.572276 1.004578 1.767768
-0.572276 1.004578 -1.793109
1.222853 1.004578 -1.450900
-0.199015 1.004578 1.838924
-0.923880 1.004578 -1.653533
0.906418 1.004578 -1.653534
0.181557 1.004578 1.838924
-1.240315 1.004578 -1.450898
0.554814 1.004578 -1.793110
0.554818 1.004578 1.767768
-1.509420 1.004578 -1.192993
0.181555 1.004578 -1.864266
0.906421 1.004578 1.628191
-1.720855 1.004578 -0.889730
1.222856 1.004578 1.425556
-1.866494 1.004578 -0.552761
1.491962 1.004578 1.167651
-1.940740 1.004578 -0.195037
1.703396 1.004578 0.864387
-1.940740 1.004578 0.169695
1.849035 1.004578 0.527418
-1.866494 1.004578 0.527419
1.923281 1.004578 0.169694
-1.720855 1.004578 0.864388
1.923280 1.004578 -0.195039
-1.509420 1.004578 1.167652
1.849034 1.004578 -0.552763
-1.567778 2.511432 1.540712
2.014463 2.511432 -0.853355
-0.014710 2.511432 -2.209485
-0.840459 3.495072 1.232974
1.211319 3.495072 -0.844919
-0.584710 3.495072 1.371416
-0.307207 3.495072 -1.482009
1.027396 3.495072 -1.071974
-0.307206 3.495072 1.456668
-0.584710 3.495072 -1.396757
0.803232 3.495072 -1.258312
-0.018612 3.495072 1.485454
-0.840459 3.495072 -1.258315
0.547483 3.495072 -1.396758
0.269982 3.495072 1.456668
-1.064624 3.495072 -1.071998
0.269980 3.495072 -1.482010
0.547485 3.495072 1.371416
-1.248571 3.495072 -0.844957
0.803234 3.495072 1.232969
-1.385156 3.495072 -0.585935
1.027398 3.495072 1.046631
-1.469173 3.495072 -0.304907
1.211321 3.495072 0.819576
-1.497509 3.495072 -0.012671
1.347847 3.495072 0.560568
-1.469173 3.495072 0.279565
1.431880 3.495072 0.279560
-1.385157 3.495072 0.560594
1.460273 3.495072 -0.012672
-1.248571 3.495072 0.819616
1.431880 3.495072 -0.304904
1.780534 3.013716 -0.564138
-1.468581 3.013716 1.192546
1.852337 3.013716 -0.198879
-1.673118 3.013716 0.882877
1.852337 3.013716 0.173535
-1.813969 3.013716 0.538799
1.780535 3.013716 0.538793
-1.885753 3.013716 0.173536
1.639694 3.013716 0.882865
-1.885753 3.013716 -0.198878
1.435174 3.013716 1.192533
-1.813969 3.013716 -0.564140
1.174825 3.013716 1.455890
-1.673118 3.013716 -0.908219
0.868683 3.013716 1.662805
0.167393 3.013716 -1.903325
-1.468581 3.013716 -1.217887
0.528515 3.013716 1.805327
0.528512 3.013716 -1.830669
-1.208229 3.013716 -1.481237
0.167395 3.013716 1.877984
0.868680 3.013716 -1.688148
-0.902087 3.013716 -1.688146
-0.200799 3.013716 1.877984
1.174823 3.013716 -1.481234
-0.561919 3.013716 -1.830668
-0.561919 3.013716 1.805327
1.435172 3.013716 -1.217877
-0.200800 3.013716 -1.903325
-0.902087 3.013716 1.662806
1.639693 3.013716 -0.908209
-1.208229 3.013716 1.455896
-0.105747 4.180772 -0.924690
-0.282105 4.180772 -0.889642
-0.448230 4.180772 -0.820892
-0.597739 4.180772 -0.721079
-0.724881 4.180772 -0.594022
-0.824672 4.180772 -0.444612
-0.893232 4.180771 -0.278628
-0.928075 4.180770 -0.102467
-0.928105 4.180753 0.077123
-0.893266 4.180752 0.253285
-0.824676 4.180770 0.419271
-0.724881 4.180772 0.568681
-0.597739 4.180772 0.695737
-0.448230 4.180772 0.795550
-0.282105 4.180772 0.864300
-0.105747 4.180772 0.899349
0.074066 4.180772 0.899349
0.250424 4.180772 0.864300
0.416549 4.180772 0.795549
0.566058 4.180772 0.695714
0.693187 4.180772 0.568622
0.792896 4.180772 0.419212
0.861403 4.180772 0.253264
0.896339 4.180772 0.077123
0.896338 4.180772 -0.102466
0.861402 4.180772 -0.278607
0.792895 4.180772 -0.444555
0.693186 4.180772 -0.593965
0.566056 4.180772 -0.721057
0.416548 4.180772 -0.820891
0.250422 4.180772 -0.889642
0.074065 4.180772 -0.924690
-0.854585 4.017668 -0.570476
-0.947124 4.017668 -0.396848
0.537679 4.017668 0.822212
0.689787 4.017668 0.697285
-1.003934 4.017668 -0.208501
0.814536 4.017668 0.545059
-1.023054 4.017667 -0.012671
0.906963 4.017668 0.371458
-1.003939 4.017665 0.183157
0.963804 4.017668 0.183150
-0.947126 4.017668 0.371506
0.983032 4.017668 -0.012672
-0.854585 4.017668 0.545135
0.963804 4.017668 -0.208494
-0.729790 4.017668 0.697334
0.906962 4.017668 -0.396802
-0.577679 4.017668 0.822221
0.814535 4.017668 -0.570402
-0.404136 4.017668 0.915012
-0.020000 4.017668 -1.016787
-0.215831 4.017668 -0.997494
0.689786 4.017668 -0.722628
-0.215830 4.017668 0.972152
-0.404136 4.017668 -0.940353
0.537678 4.017668 -0.847554
-0.019999 4.017668 0.991446
-0.577679 4.017668 -0.847562
0.364135 4.017668 -0.940354
0.175831 4.017668 0.972152
-0.729790 4.017668 -0.722675
0.175830 4.017668 -0.997494
0.364136 4.017668 0.915012
-0.062183 5.968112 -1.000966
-0.250909 5.968112 -0.962986
-0.430943 5.968087 -0.888484
-0.595920 5.967178 -0.780261
-0.763545 5.958155 -0.642158
-0.947121 5.935058 -0.479398
-1.126119 5.902603 -0.299254
-1.268696 5.870410 -0.109269
-1.338609 5.849577 0.084093
-1.302491 5.849577 0.273762
-1.160750 5.870410 0.452269
-0.947619 5.902603 0.613955
-0.702900 5.935058 0.753067
-0.464051 5.958155 0.862623
-0.254022 5.967178 0.937602
-0.059956 5.968087 0.975624
0.133435 5.968112 0.975625
0.291452 5.968112 0.937645
0.456078 5.968112 0.863145
0.650498 5.968112 0.754984
0.817795 5.968112 0.617299
0.949087 5.968112 0.455389
1.039263 5.968113 0.275521
0.991651 5.734461 0.026301
0.991651 5.734462 -0.051643
1.039262 5.968113 -0.300864
0.949086 5.968112 -0.480731
0.817793 5.968112 -0.642641
0.650496 5.968112 -0.780326
0.453768 5.968112 -0.888487
0.238356 5.968112 -0.962987
0.080340 5.968112 -1.000966
0.169722 5.480656 0.754604
0.289610 4.526052 0.701235
-0.537594 5.478723 -0.565731
-0.650535 4.525640 -0.441927
0.131247 5.480656 -0.779945
-0.005922 4.526052 -0.785396
0.423828 4.526052 0.629822
-0.723899 4.525039 -0.308302
0.541807 4.526052 0.533696
-0.770046 4.524338 -0.163361
0.638585 4.526052 0.416565
-0.786786 4.523736 -0.012670
0.710352 4.526052 0.282969
-0.772910 4.523448 0.138021
0.749570 4.524625 0.136692
-0.728189 4.523732 0.282943
0.761190 4.509849 -0.012671
-0.654840 4.524337 0.416532
0.749569 4.524625 -0.162035
-0.556291 4.525039 0.533664
0.710351 4.526052 -0.308312
-0.436992 4.525640 0.629804
0.638584 4.526052 -0.441908
-0.302037 4.525975 0.701231
-0.156560 4.526052 -0.770549
0.541806 4.526052 -0.559039
-0.156574 4.526049 0.745207
-0.301780 4.526052 -0.726576
0.423827 4.526052 -0.655164
-0.005537 4.526052 0.760055
-0.435628 4.526049 -0.655168
0.289224 4.526052 -0.726577
0.145241 4.526052 0.745207
0.295467 5.480656 0.710086
-0.553178 4.525975 -0.559059
-0.662712 5.470322 -0.446808
0.143701 4.526052 -0.770549
0.013340 5.480656 -0.794977
0.440545 5.480656 0.637792
-0.783697 5.455314 -0.311148
0.576137 5.480656 0.540495
-0.884721 5.437784 -0.164594
0.687386 5.480656 0.421924
-0.947747 5.423219 -0.012640
0.769919 5.480656 0.286657
-0.953147 5.417293 0.139328
0.816824 5.479649 0.147457
-0.889933 5.423217 0.285384
0.914646 5.588765 -0.052717
-0.770268 5.437784 0.420102
0.816824 5.479649 -0.172800
-0.615408 5.455313 0.539064
0.769919 5.480655 -0.312000
-0.446858 5.470322 0.637218
0.687385 5.480656 -0.447267
-0.283378 5.478724 0.709989
-0.129926 5.480656 -0.779945
0.576135 5.480656 -0.565837
-0.130270 5.480553 0.754600
-0.276936 5.480656 -0.735427
0.440543 5.480656 -0.663134
0.022959 5.480656 0.769636
-0.412764 5.480553 -0.663125
0.285847 5.480656 -0.735428
0.193591 4.993198 -0.669607
-0.428723 4.993043 -0.543328
0.075619 4.993198 0.670520
0.324148 4.993198 -0.618107
-0.316040 4.993195 -0.618106
-0.059067 4.993195 0.670520
0.442124 4.993198 -0.543334
-0.191379 4.993198 -0.669607
-0.191897 4.993043 0.644259
0.542449 4.993198 -0.448158
-0.059438 4.993198 -0.695862
-0.321557 4.991539 0.592678
0.621214 4.993198 -0.336248
-0.446553 4.987690 0.517677
0.671896 4.994416 -0.211027
-0.559785 4.982281 0.422270
0.641108 4.878255 -0.070137
-0.652222 4.976907 0.310397
0.641108 4.878255 0.044794
-0.715126 4.973366 0.186288
0.671896 4.994415 0.185684
-0.741081 4.973369 0.054515
0.621215 4.993198 0.310905
-0.729304 4.976910 -0.079830
0.542450 4.993198 0.422816
-0.685591 4.982281 -0.211654
0.442125 4.993198 0.517992
-0.616601 4.987690 -0.336036
0.324534 4.993198 0.592765
0.066769 4.993198 -0.695862
-0.529106 4.991539 -0.448089
0.202441 4.993198 0.644266
1.085074 5.968113 0.084631
1.085073 5.968113 -0.109974
0.839096 5.466998 0.059771
0.839096 5.466998 -0.085113
0.692932 5.199811 -0.046141
0.692932 5.199811 0.020799
1.046493 5.854340 -0.012671
0.974645 5.740698 0.095007
0.974645 5.740698 -0.120350
0.689195 5.203403 0.070053
0.689195 5.203403 -0.095395
0.630790 5.075302 -0.012671
0.911589 5.579107 0.001688
0.911589 5.579108 -0.027031
0.796574 5.371498 -0.012671
0.846309 5.464322 0.016699
0.846309 5.464322 -0.042042
0.783422 5.349704 -0.027683
0.783422 5.349703 0.002340
0.952024 5.650716 -0.012671
0.743632 5.278904 -0.012671
0.776643 5.340575 -0.052872
0.914646 5.588765 0.027374
0.776643 5.340575 0.027529
0.900058 5.546585 -0.002023
0.900058 5.546585 -0.023319
0.830881 5.395622 0.006543
0.851651 5.461468 0.009108
0.851651 5.461468 -0.034450
0.805019 5.376475 -0.023803
0.805019 5.376475 -0.001540
0.813033 5.402198 -0.032723
0.881759 5.525791 0.006804
0.813033 5.402198 0.007380
0.881759 5.525790 -0.032147
0.900335 5.556639 -0.012671
0.933665 5.527819 -0.002023
0.933665 5.527818 -0.023319
0.998294 5.515562 -0.012671
0.885257 5.442701 0.009108
0.885257 5.442701 -0.034450
0.838625 5.357708 -0.023803
0.838625 5.357709 -0.001540
0.815108 5.366204 -0.012671
0.830881 5.395622 -0.031886
0.896737 5.514054 -0.031334
0.914538 5.543614 -0.012671
0.896737 5.514055 0.005991
1.242517 5.505098 -0.002024
1.242517 5.505098 -0.023319
1.681676 5.370839 -0.031902
1.194109 5.419982 0.009108
1.194109 5.419982 -0.034451
1.147477 5.334989 -0.023803
1.147477 5.334989 -0.001540
0.980493 5.486002 0.005991
0.898864 5.338151 -0.012671
0.914636 5.367570 -0.031886
0.914636 5.367569 0.006543
0.980493 5.486002 -0.031334
2.322163 5.488790 -0.001839
2.322184 5.488675 -0.023133
2.638127 5.379175 0.006805
2.265748 5.420789 0.009102
2.265791 5.420554 -0.034452
2.210974 5.352384 -0.023984
2.210952 5.352503 -0.001724
1.748945 5.486336 -0.031318
1.767076 5.515148 -0.012647
1.748940 5.486362 0.006006
1.665543 5.342153 -0.012695
1.681672 5.370866 0.006527
2.788489 5.187883 0.002448
2.788494 5.187338 -0.018838
2.635732 4.965756 0.017566
2.708961 5.200109 0.012631
2.708971 5.198994 -0.030908
2.630062 5.209885 -0.021160
2.630057 5.210454 0.001092
2.539904 5.333295 0.006594
2.638216 5.378577 -0.030509
2.663570 5.389689 -0.011639
2.515933 5.321315 -0.012795
2.539996 5.332680 -0.031824
2.472244 4.509220 0.025982
2.471865 4.508679 0.004698
1.828460 4.305377 0.034553
2.420376 4.585594 0.035976
2.419600 4.584490 -0.007559
2.367097 4.659299 0.002008
2.367493 4.659864 0.024259
2.611698 4.981824 -0.001991
2.635408 4.964701 -0.020842
2.731285 4.895865 -0.018796
2.755234 4.878016 0.000273
2.731599 4.896892 0.018509
1.393480 3.894314 0.064833
1.393006 3.893812 0.043868
1.142817 3.840944 0.061276
1.387568 3.964375 0.071092
1.386743 3.963498 0.034533
1.334882 4.009802 0.042086
1.335369 4.010320 0.063675
1.860439 4.285628 0.015442
1.921102 4.172733 0.054111
1.861268 4.286539 0.053169
1.920296 4.171847 0.017422
1.917826 4.134100 0.036769
-0.004743 0.000008 -0.012671
-0.084504 0.020937 -0.819322
-0.240797 0.020937 -0.788323
-0.388022 0.020937 -0.727515
-0.520520 0.020937 -0.639237
-0.633201 0.020937 -0.526881
-0.721734 0.020937 -0.394763
-0.782717 0.020937 -0.247962
-0.813805 0.020937 -0.092119
-0.813805 0.020937 0.066777
-0.782717 0.020937 0.222620
-0.721734 0.020937 0.369421
-0.633201 0.020937 0.501538
-0.520520 0.020937 0.613895
-0.388022 0.020937 0.702173
-0.240797 0.020937 0.762980
-0.084504 0.020937 0.793979
0.074851 0.020937 0.793979
0.231144 0.020937 0.762980
0.378369 0.020937 0.702173
0.510868 0.020937 0.613895
0.623549 0.020937 0.501538
0.712082 0.020937 0.369420
0.773064 0.020937 0.222619
0.804153 0.020937 0.066776
0.804152 0.020937 -0.092120
0.773064 0.020937 -0.247963
0.712081 0.020937 -0.394764
0.623548 0.020937 -0.526882
0.510867 0.020937 -0.639238
0.378368 0.020937 -0.727516
0.231143 0.020937 -0.788323
0.074850 0.020937 -0.819322
-0.957057 3.495073 1.145389
1.285869 3.495073 -0.718809
-0.715939 3.495073 1.308552
-0.163607 3.495073 -1.503575
1.124873 3.495073 -0.963017
-0.448024 3.495073 1.420940
-0.448024 3.495073 -1.446281
0.919830 3.495073 -1.170717
-0.163607 3.495073 1.478234
-0.715940 3.495073 -1.333893
0.678712 3.495073 -1.333894
0.126383 3.495073 1.478234
-0.957057 3.495073 -1.170730
0.410797 3.495073 -1.446282
0.410800 3.495073 1.420939
-1.162108 3.495073 -0.963051
0.126381 3.495073 -1.503576
0.678715 3.495073 1.308551
-1.323152 3.495073 -0.718842
0.919832 3.495073 1.145374
-1.433975 3.495073 -0.447510
1.124874 3.495073 0.937674
-1.490406 3.495073 -0.159494
1.285870 3.495073 0.693465
-1.490405 3.495073 0.134151
1.396661 3.495073 0.422154
-1.433975 3.495073 0.422168
1.453149 3.495073 0.134151
-1.323152 3.495073 0.693500
1.453149 3.495073 -0.159495
-1.162107 3.495073 0.937710
1.396661 3.495073 -0.447498
2.132606 1.506862 -0.642525
-1.742091 1.506862 1.363820
2.218265 1.506862 -0.225348
-1.986027 1.506862 1.010154
2.218265 1.506862 0.200002
-2.154052 1.506862 0.617181
2.132607 1.506862 0.617180
-2.239712 1.506862 0.200004
1.964582 1.506862 1.010152
-2.239711 1.506862 -0.225346
1.720646 1.506862 1.363819
-2.154052 1.506862 -0.642523
1.410175 1.506862 1.664587
-1.986027 1.506862 -1.035495
1.045100 1.506862 1.900899
0.208812 1.506862 -2.171997
-1.742091 1.506862 -1.389161
0.639450 1.506862 2.063674
0.639446 1.506862 -2.089016
-1.431620 1.506862 -1.689929
0.208814 1.506862 2.146656
1.045096 1.506862 -1.926242
-1.066545 1.506862 -1.926241
-0.230258 1.506862 2.146656
1.410172 1.506862 -1.689931
-0.660895 1.506862 -2.089015
-0.660894 1.506862 2.063674
1.720644 1.506862 -1.389163
-0.230259 1.506862 -2.171997
-1.066544 1.506862 1.900900
1.964580 1.506862 -1.035497
-1.431620 1.506862 1.664588
-0.969218 0.523221 1.117841
1.331088 0.523221 -0.702081
-0.721946 0.523221 1.277121
-0.155515 0.523221 -1.468108
1.165866 0.523221 -0.940460
-0.447192 0.523221 1.386835
-0.447193 0.523221 -1.412177
0.955578 0.523221 -1.143184
-0.155515 0.523221 1.442766
-0.721946 0.523221 -1.302463
0.708306 0.523221 -1.302464
0.141877 0.523221 1.442766
-0.969218 0.523221 -1.143183
0.433551 0.523221 -1.412177
0.433554 0.523221 1.386835
-1.179506 0.523221 -0.940458
0.141875 0.523221 -1.468109
0.708308 0.523221 1.277120
-1.344728 0.523221 -0.702079
0.955580 0.523221 1.117841
-1.458535 0.523221 -0.437206
1.165868 0.523221 0.915115
-1.516553 0.523221 -0.156019
1.331089 0.523221 0.676736
-1.516553 0.523221 0.130677
1.444896 0.523221 0.411863
-1.458535 0.523221 0.411864
1.502914 0.523221 0.130676
-1.344728 0.523221 0.676737
1.502914 0.523221 -0.156021
-1.179506 0.523221 0.915116
1.444895 0.523221 -0.437208
2.087065 2.511432 -0.650370
-1.712520 2.511432 1.380968
2.171060 2.511432 -0.227997
-1.951725 2.511432 1.022895
2.171061 2.511432 0.202651
-2.116488 2.511432 0.625026
2.087066 2.511432 0.625024
-2.200480 2.511432 0.202653
1.922305 2.511432 1.022892
-2.200480 2.511432 -0.227995
1.683102 2.511432 1.380965
-2.116488 2.511432 -0.650368
1.378649 2.511432 1.685482
-1.951725 2.511432 -1.048236
1.020650 2.511432 1.924739
0.200570 2.511432 -2.198899
-1.712520 2.511432 -1.406309
0.622862 2.511432 2.089541
0.622858 2.511432 -2.114884
-1.408067 2.511432 -1.710824
0.200573 2.511432 2.173557
1.020646 2.511432 -1.950082
-1.050067 2.511432 -1.950080
-0.229990 2.511432 2.173557
1.378646 2.511432 -1.710826
-0.652279 2.511432 -2.114882
-0.652279 2.511432 2.089542
1.683099 2.511432 -1.406309
-0.229990 2.511432 -2.198898
-1.050067 2.511432 1.924739
1.922303 2.511432 -1.048237
-1.408067 2.511432 1.685483
-0.905136 4.017668 -0.485935
0.616799 4.017668 0.763488
-0.980150 4.017668 -0.304070
0.755921 4.017668 0.624233
-1.018264 4.017668 -0.111056
0.865027 4.017668 0.460527
-1.018268 4.017666 0.085713
0.939980 4.017668 0.278702
-0.980153 4.017666 0.278727
0.978204 4.017668 0.085713
-0.905136 4.017668 0.460594
0.978204 4.017668 -0.111056
-0.795936 4.017668 0.624301
0.939980 4.017668 -0.304046
-0.656798 4.017668 0.763515
0.865026 4.017668 -0.485870
-0.493184 4.017668 0.872878
-0.118389 4.017668 -1.011948
0.755920 4.017668 -0.649576
-0.311385 4.017668 0.948205
-0.311385 4.017668 -0.973547
0.616797 4.017668 -0.788831
-0.118388 4.017668 0.986607
-0.493184 4.017668 -0.898219
0.453183 4.017668 -0.898219
0.078389 4.017668 0.986607
-0.656798 4.017668 -0.788856
0.271384 4.017668 -0.973547
0.271386 4.017668 0.948205
-0.795936 4.017668 -0.649642
0.078388 4.017668 -1.011949
0.453185 4.017668 0.872876
0.232480 5.480656 0.735947
-0.600006 5.475470 -0.508690
0.071351 5.480656 -0.791207
0.366428 5.480656 0.677259
-0.724604 5.463439 -0.380712
0.511072 5.480656 0.592055
-0.837793 5.446536 -0.238878
0.635100 5.480656 0.483598
-0.922232 5.429765 -0.088964
0.732464 5.480656 0.356063
-0.958731 5.418866 0.063708
0.798804 5.480745 0.215066
-0.929749 5.418864 0.213459
0.747420 5.286507 -0.035810
-0.835880 5.429763 0.354439
0.946597 5.643008 -0.035674
-0.695878 5.446536 0.481858
0.798804 5.480745 -0.240408
-0.531526 5.463439 0.591057
0.732463 5.480656 -0.381405
-0.363742 5.475470 0.676987
-0.055056 5.480656 -0.791207
0.635099 5.480656 -0.508940
-0.206146 5.480169 0.735924
-0.204525 5.480656 -0.761288
0.511070 5.480656 -0.617397
-0.053896 5.480642 0.765865
-0.346498 5.480643 -0.702599
0.365224 5.480656 -0.702601
0.099005 5.480656 0.765866
-0.475807 5.480169 -0.617363
0.204826 5.480656 -0.761288
0.217351 4.526052 -0.752120
-0.496696 4.526033 -0.609990
0.070309 4.526052 0.756331
0.358291 4.526052 -0.694151
-0.370454 4.526052 -0.694151
-0.081415 4.526052 0.756331
0.485194 4.526052 -0.609978
-0.230251 4.526052 -0.752120
-0.230316 4.526033 0.726778
0.593105 4.526052 -0.502830
-0.081462 4.526052 -0.781672
-0.371144 4.525846 0.668799
0.677781 4.526052 -0.376857
-0.498924 4.525364 0.584610
0.735105 4.526371 -0.236641
-0.608457 4.524688 0.477453
0.757963 4.512865 -0.087254
-0.694898 4.524012 0.351485
0.757963 4.512865 0.061911
-0.754309 4.523528 0.211558
0.735106 4.526371 0.211298
-0.783728 4.523530 0.063038
0.677782 4.526052 0.351515
-0.782183 4.524014 -0.088377
0.593106 4.526052 0.477487
-0.750535 4.524688 -0.236904
0.485195 4.526052 0.584636
-0.690436 4.525364 -0.376863
0.358340 4.526052 0.668809
0.069202 4.526052 -0.781673
-0.604621 4.525846 -0.502854
0.218458 4.526052 0.726779
1.036327 5.841861 0.051267
1.036327 5.841860 -0.076609
0.827269 5.472886 0.095649
0.827269 5.472886 -0.120992
0.636660 5.090721 -0.056557
0.636660 5.090721 0.031214
0.847132 5.463976 0.010057
0.798467 5.375279 -0.024288
0.845098 5.464635 0.033470
0.747420 5.286507 0.010467
0.946597 5.643008 0.010332
0.845098 5.464635 -0.058813
0.863555 5.454821 -0.034450
0.816923 5.369828 -0.001540
0.897648 5.552801 -0.023783
0.798467 5.375279 -0.001055
0.847131 5.463976 -0.035399
0.897648 5.552801 -0.001560
0.900679 5.341775 -0.023803
0.995718 5.511885 -0.002024
0.911963 5.539937 -0.002023
0.816923 5.369827 -0.023803
0.863555 5.454822 0.009108
0.911962 5.539938 -0.023319
1.764463 5.511580 -0.002001
1.715060 5.428573 -0.034451
0.947311 5.426768 0.009108
0.995718 5.511885 -0.023319
0.900678 5.341775 -0.001540
0.947311 5.426768 -0.034451
2.660202 5.388343 -0.022316
2.588836 5.356388 0.009536
1.667405 5.345682 -0.023825
1.715055 5.428602 0.009107
1.764466 5.511565 -0.023296
1.667402 5.345697 -0.001563
2.683333 4.930426 -0.022666
2.614745 4.980196 0.009174
2.518781 5.322990 -0.001647
2.588940 5.355691 -0.034011
2.660151 5.388684 -0.001026
2.518834 5.322634 -0.023903
1.882785 4.225616 0.056654
1.834460 4.303925 0.023391
2.752400 4.880904 0.010852
2.614557 4.979584 -0.013077
2.683700 4.931623 0.020869
2.752221 4.880320 -0.010432
1.173881 3.856869 0.070966
1.173395 3.856353 0.049444
1.920293 4.139977 0.025966
1.834945 4.304459 0.045496
1.881848 4.224586 0.013996
1.920758 4.140488 0.047150
